"consent","trial_type","trial_index","time_elapsed","internal_node_id","subjID","study","MID","cond","drift","rt","responses","button_pressed","key_press","like","value","connected","gems","bombs","no_reward","GemPrChosen","BombPrChosen","GainOverPainPr_0","GainOverPainPr_1","GainOverPainPr_2","GainOverPainPr_3","LosePr_0","LosePr_1","LosePr_2","LosePr_3","WinPr_0","WinPr_1","WinPr_2","WinPr_3","Q0","Q1","Q2","gender","age","ethnicity","label","expt_phase","target","respCharCode","respKey","respChoiceNum","respChoice","practice","trial_counter","trial_label","Q0_index","view_history"
"GDM/GDM_behavioral_consent_30min_online.html","consent","0","11763","0.0-0.0","13454008","wem/bandit_party_2","A18ILYDB04VEE9","either","4","","","","","","","","","","","","","","","","","","","","","","","","","","","","","","","","","","","","","","","","","",""
"","survey-text","1","15332","0.0-1.0","13454008","wem/bandit_party_2","A18ILYDB04VEE9","either","4","2544","{""Q0"":""A18ILYDB04VEE9""}","","","","","","","","","","","","","","","","","","","","","","","","","","","","","","","","","","","","","","","",""
"","button-response","2","21002","0.0-2.0","13454008","wem/bandit_party_2","A18ILYDB04VEE9","either","4","4665","","1","","","","","","","","","","","","","","","","","","","","","","","","","","","","","","","","","","","","","","",""
"","text-replacement","3","36442","0.0-3.0","13454008","wem/bandit_party_2","A18ILYDB04VEE9","either","4","14435","","","32","","","","","","","","","","","","","","","","","","","","","","","","","","","","","","","","","","","","","",""
"","text-replacement","4","44041","0.0-4.0","13454008","wem/bandit_party_2","A18ILYDB04VEE9","either","4","7597","","","32","","","","","","","","","","","","","","","","","","","","","","","","","","","","","","","","","","","","","",""
"","identification","5","48307","0.0-6.0-0.0","13454008","wem/bandit_party_2","A18ILYDB04VEE9","either","4","4250","","","","1","1","1","","","","","","","","","","","","","","","","","","","","","","","","pre","identification_pre","the Republican Party","","","","","","","","",""
"","identification","6","52203","0.0-6.0-1.0","13454008","wem/bandit_party_2","A18ILYDB04VEE9","either","4","2877","","","","6","6","6","","","","","","","","","","","","","","","","","","","","","","","","pre","identification_pre","the Democratic Party","","","","","","","","",""
"","text-replacement","7","57970","0.0-7.0","13454008","wem/bandit_party_2","A18ILYDB04VEE9","either","4","4760","","","32","","","","","","","","","","","","","","","","","","","","","","","","","","","","","","","","","","","","","",""
"","text-replacement","8","120171","0.0-8.0","13454008","wem/bandit_party_2","A18ILYDB04VEE9","either","4","62198","","","32","","","","","","","","","","","","","","","","","","","","","","","","","","","","","","","","","","","","","",""
"","text-replacement","9","122146","0.0-9.0","13454008","wem/bandit_party_2","A18ILYDB04VEE9","either","4","1973","","","32","","","","","","","","","","","","","","","","","","","","","","","","","","","","","","","","","","","","","",""
"","text-replacement","10","124451","0.0-10.0","13454008","wem/bandit_party_2","A18ILYDB04VEE9","either","4","2302","","","32","","","","","","","","","","","","","","","","","","","","","","","","","","","","","","","","","","","","","",""
"","text-replacement","11","125971","0.0-11.0","13454008","wem/bandit_party_2","A18ILYDB04VEE9","either","4","1517","","","32","","","","","","","","","","","","","","","","","","","","","","","","","","","","","","","","","","","","","",""
"","bandit","12","130139","0.0-12.0-0.0","13454008","wem/bandit_party_2","A18ILYDB04VEE9","either","4","2658","","","","","","","0","0","1","0","0","","","","","0","","","","0","","","","","","","","","","","","","74","J","0","img/none_selected_demo.jpg","true","0","","",""
"","bandit","13","132189","0.0-13.0-0.0","13454008","wem/bandit_party_2","A18ILYDB04VEE9","either","4","540","","","","","","","0","0","1","0","0","","","","","0","","","","0","","","","","","","","","","","","","75","K","0","img/none_selected_demo.jpg","true","0","","",""
"","text-replacement","14","134362","0.0-14.0","13454008","wem/bandit_party_2","A18ILYDB04VEE9","either","4","2171","","","32","","","","","","","","","","","","","","","","","","","","","","","","","","","","","","","","","","","","","",""
"","text-replacement","15","139922","0.0-15.0","13454008","wem/bandit_party_2","A18ILYDB04VEE9","either","4","5558","","","32","","","","","","","","","","","","","","","","","","","","","","","","","","","","","","","","","","","","","",""
"","text-replacement","16","141330","0.0-16.0","13454008","wem/bandit_party_2","A18ILYDB04VEE9","either","4","1405","","","32","","","","","","","","","","","","","","","","","","","","","","","","","","","","","","","","","","","","","",""
"","text-replacement","17","142002","0.0-17.0","13454008","wem/bandit_party_2","A18ILYDB04VEE9","either","4","670","","","32","","","","","","","","","","","","","","","","","","","","","","","","","","","","","","","","","","","","","",""
"","bandit","18","144810","0.0-18.0-0.0","13454008","wem/bandit_party_2","A18ILYDB04VEE9","either","4","1301","","","","","","","0","1","0","","0.8","0.5","0.5","","","0.8","0.2","","","","","","","","","","","","","","","","74","J","0","img/none_selected_demo.jpg","true","0","80_20_practice","",""
"","bandit","19","146337","0.0-18.0-1.0","13454008","wem/bandit_party_2","A18ILYDB04VEE9","either","4","18","","","","","","","0","0","1","0.2","","0.5","0.5","","","","","","","0.8","0.2","","","","","","","","","","","","75","K","1","","true","0","80_20_practice","",""
"","bandit","20","148730","0.0-18.0-2.0","13454008","wem/bandit_party_2","A18ILYDB04VEE9","either","4","886","","","","","","","1","0","0","0.2","","0.5","0.5","","","","","","","0.8","0.2","","","","","","","","","","","","75","K","1","","true","0","80_20_practice","",""
"","bandit","21","150961","0.0-18.0-3.0","13454008","wem/bandit_party_2","A18ILYDB04VEE9","either","4","719","","","","","","","0","0","1","0.2","","0.5","0.5","","","","","","","0.8","0.2","","","","","","","","","","","","75","K","1","","true","0","80_20_practice","",""
"","bandit","22","153148","0.0-18.0-4.0","13454008","wem/bandit_party_2","A18ILYDB04VEE9","either","4","678","","","","","","","1","0","0","0.8","","0.5","0.5","","","","","","","0.8","0.2","","","","","","","","","","","","74","J","0","img/none_selected_demo.jpg","true","0","80_20_practice","",""
"","bandit","23","155120","0.0-18.0-5.0","13454008","wem/bandit_party_2","A18ILYDB04VEE9","either","4","466","","","","","","","1","0","0","0.8","","0.5","0.5","","","","","","","0.8","0.2","","","","","","","","","","","","74","J","0","img/none_selected_demo.jpg","true","0","80_20_practice","",""
"","bandit","24","158025","0.0-18.0-6.0","13454008","wem/bandit_party_2","A18ILYDB04VEE9","either","4","1398","","","","","","","0","1","0","","0.8","0.5","0.5","","","0.8","0.2","","","","","","","","","","","","","","","","74","J","0","img/none_selected_demo.jpg","true","0","80_20_practice","",""
"","bandit","25","160617","0.0-18.0-7.0","13454008","wem/bandit_party_2","A18ILYDB04VEE9","either","4","1073","","","","","","","0","0","1","0.2","","0.5","0.5","","","","","","","0.8","0.2","","","","","","","","","","","","75","K","1","","true","0","80_20_practice","",""
"","bandit","26","162648","0.0-18.0-8.0","13454008","wem/bandit_party_2","A18ILYDB04VEE9","either","4","523","","","","","","","0","0","1","","0.8","0.5","0.5","","","0.8","0.2","","","","","","","","","","","","","","","","74","J","0","img/none_selected_demo.jpg","true","0","80_20_practice","",""
"","bandit","27","164280","0.0-18.0-9.0","13454008","wem/bandit_party_2","A18ILYDB04VEE9","either","4","125","","","","","","","0","0","1","","0.2","0.5","0.5","","","0.8","0.2","","","","","","","","","","","","","","","","75","K","1","","true","0","80_20_practice","",""
"","bandit","28","167368","0.0-18.0-10.0","13454008","wem/bandit_party_2","A18ILYDB04VEE9","either","4","1574","","","","","","","0","0","1","","0.2","0.5","0.5","","","0.8","0.2","","","","","","","","","","","","","","","","75","K","1","","true","0","80_20_practice","",""
"","bandit","29","169503","0.0-18.0-11.0","13454008","wem/bandit_party_2","A18ILYDB04VEE9","either","4","627","","","","","","","1","0","0","0.8","","0.5","0.5","","","","","","","0.8","0.2","","","","","","","","","","","","74","J","0","img/none_selected_demo.jpg","true","0","80_20_practice","",""
"","bandit","30","172443","0.0-18.0-12.0","13454008","wem/bandit_party_2","A18ILYDB04VEE9","either","4","1429","","","","","","","0","0","1","","0.2","0.5","0.5","","","0.8","0.2","","","","","","","","","","","","","","","","75","K","1","","true","0","80_20_practice","",""
"","bandit","31","174792","0.0-18.0-13.0","13454008","wem/bandit_party_2","A18ILYDB04VEE9","either","4","840","","","","","","","1","0","0","0.8","","0.5","0.5","","","","","","","0.8","0.2","","","","","","","","","","","","74","J","0","img/none_selected_demo.jpg","true","0","80_20_practice","",""
"","bandit","32","176858","0.0-18.0-14.0","13454008","wem/bandit_party_2","A18ILYDB04VEE9","either","4","559","","","","","","","1","0","0","0.8","","0.5","0.5","","","","","","","0.8","0.2","","","","","","","","","","","","74","J","0","img/none_selected_demo.jpg","true","0","80_20_practice","",""
"","bandit","33","179180","0.0-18.0-15.0","13454008","wem/bandit_party_2","A18ILYDB04VEE9","either","4","810","","","","","","","0","0","1","","0.2","0.5","0.5","","","0.8","0.2","","","","","","","","","","","","","","","","75","K","1","","true","0","80_20_practice","",""
"","bandit","34","181249","0.0-18.0-16.0","13454008","wem/bandit_party_2","A18ILYDB04VEE9","either","4","562","","","","","","","0","0","1","","0.8","0.5","0.5","","","0.8","0.2","","","","","","","","","","","","","","","","74","J","0","img/none_selected_demo.jpg","true","0","80_20_practice","",""
"","bandit","35","183633","0.0-18.0-17.0","13454008","wem/bandit_party_2","A18ILYDB04VEE9","either","4","869","","","","","","","0","0","1","0.2","","0.5","0.5","","","","","","","0.8","0.2","","","","","","","","","","","","75","K","1","","true","0","80_20_practice","",""
"","bandit","36","185650","0.0-18.0-18.0","13454008","wem/bandit_party_2","A18ILYDB04VEE9","either","4","508","","","","","","","1","0","0","0.8","","0.5","0.5","","","","","","","0.8","0.2","","","","","","","","","","","","74","J","0","img/none_selected_demo.jpg","true","0","80_20_practice","",""
"","bandit","37","187783","0.0-18.0-19.0","13454008","wem/bandit_party_2","A18ILYDB04VEE9","either","4","623","","","","","","","0","1","0","","0.8","0.5","0.5","","","0.8","0.2","","","","","","","","","","","","","","","","74","J","0","img/none_selected_demo.jpg","true","0","80_20_practice","",""
"","text-replacement","38","192152","0.0-19.0","13454008","wem/bandit_party_2","A18ILYDB04VEE9","either","4","4363","","","32","","","","","","","","","","","","","","","","","","","","","","","","","","","","","","","","","","","","","",""
"","bandit","39","194588","0.0-20.0-0.0","13454008","wem/bandit_party_2","A18ILYDB04VEE9","either","4","925","","","","","","","1","0","0","1","0","","","","","0","1","","","1","0","","","","","","","","","","","","74","J","0","img/none_selected_demo.jpg","true","0","","",""
"","text-replacement","40","199041","0.0-21.0","13454008","wem/bandit_party_2","A18ILYDB04VEE9","either","4","4446","","","32","","","","","","","","","","","","","","","","","","","","","","","","","","","","","","","","","","","","","",""
"","text-replacement","41","201289","0.0-22.0","13454008","wem/bandit_party_2","A18ILYDB04VEE9","either","4","2246","","","32","","","","","","","","","","","","","","","","","","","","","","","","","","","","","","","","","","","","","",""
"","text-replacement","42","202985","0.0-23.0","13454008","wem/bandit_party_2","A18ILYDB04VEE9","either","4","1694","","","32","","","","","","","","","","","","","","","","","","","","","","","","","","","","","","","","","","","","","",""
"","text-replacement","43","205330","0.0-24.0","13454008","wem/bandit_party_2","A18ILYDB04VEE9","either","4","2341","","","32","","","","","","","","","","","","","","","","","","","","","","","","","","","","","","","","","","","","","",""
"","text-replacement","44","206417","0.0-25.0","13454008","wem/bandit_party_2","A18ILYDB04VEE9","either","4","1083","","","32","","","","","","","","","","","","","","","","","","","","","","","","","","","","","","","","","","","","","",""
"","text-replacement","45","208747","0.0-26.0","13454008","wem/bandit_party_2","A18ILYDB04VEE9","either","4","2327","","","32","","","","","","","","","","","","","","","","","","","","","","","","","","","","","","","","","","","","","",""
"","text-replacement","46","210586","0.0-27.0","13454008","wem/bandit_party_2","A18ILYDB04VEE9","either","4","1835","","","32","","","","","","","","","","","","","","","","","","","","","","","","","","","","","","","","","","","","","",""
"","text-replacement","47","211866","0.0-28.0","13454008","wem/bandit_party_2","A18ILYDB04VEE9","either","4","1275","","","32","","","","","","","","","","","","","","","","","","","","","","","","","","","","","","","","","","","","","",""
"","text-replacement","48","212465","0.0-29.0","13454008","wem/bandit_party_2","A18ILYDB04VEE9","either","4","596","","","32","","","","","","","","","","","","","","","","","","","","","","","","","","","","","","","","","","","","","",""
"","text-replacement","49","213265","0.0-30.0","13454008","wem/bandit_party_2","A18ILYDB04VEE9","either","4","796","","","32","","","","","","","","","","","","","","","","","","","","","","","","","","","","","","","","","","","","","",""
"","text-replacement","50","214889","0.0-31.0","13454008","wem/bandit_party_2","A18ILYDB04VEE9","either","4","1620","","","32","","","","","","","","","","","","","","","","","","","","","","","","","","","","","","","","","","","","","",""
"","bandit","51","217017","0.0-32.0-0.0","13454008","wem/bandit_party_2","A18ILYDB04VEE9","either","4","620","","","","","","","0","0","1","","0.2","0.5","0.5","0.5","0.5","0.8","0.2","0.6","0.2","","","","","","","","","","","","","","74","J","1","","true","0","full_practice","",""
"","bandit","52","218679","0.0-32.0-1.0","13454008","wem/bandit_party_2","A18ILYDB04VEE9","either","4","153","","","","","","","0","0","1","0.6","","0.5","0.5","0.5","0.5","","","","","0.8","0.2","0.6","0.2","","","","","","","","","","75","K","2","","true","0","full_practice","",""
"","bandit","53","220368","0.0-32.0-2.0","13454008","wem/bandit_party_2","A18ILYDB04VEE9","either","4","176","","","","","","","0","0","1","","0.2","0.5","0.5","0.5","0.5","0.8","0.2","0.6","0.2","","","","","","","","","","","","","","76","L","3","","true","0","full_practice","",""
"","bandit","54","222386","0.0-32.0-3.0","13454008","wem/bandit_party_2","A18ILYDB04VEE9","either","4","508","","","","","","","0","0","1","0.2","","0.5","0.5","0.5","0.5","","","","","0.8","0.2","0.6","0.2","","","","","","","","","","74","J","1","","true","0","full_practice","",""
"","bandit","55","223959","0.0-32.0-4.0","13454008","wem/bandit_party_2","A18ILYDB04VEE9","either","4","61","","","","","","","0","1","0","","0.6","0.5","0.5","0.5","0.5","0.8","0.2","0.6","0.2","","","","","","","","","","","","","","75","K","2","","true","0","full_practice","",""
"","bandit","56","225944","0.0-32.0-5.0","13454008","wem/bandit_party_2","A18ILYDB04VEE9","either","4","478","","","","","","","0","0","1","0.2","","0.5","0.5","0.5","0.5","","","","","0.8","0.2","0.6","0.2","","","","","","","","","","74","J","1","","true","0","full_practice","",""
"","bandit","57","228849","0.0-32.0-6.0","13454008","wem/bandit_party_2","A18ILYDB04VEE9","either","4","1397","","","","","","","0","1","0","","0.8","0.5","0.5","0.5","0.5","0.8","0.2","0.6","0.2","","","","","","","","","","","","","","72","H","0","img/none_selected.jpg","true","0","full_practice","",""
"","bandit","58","230689","0.0-32.0-7.0","13454008","wem/bandit_party_2","A18ILYDB04VEE9","either","4","329","","","","","","","0","0","1","0.6","","0.5","0.5","0.5","0.5","","","","","0.8","0.2","0.6","0.2","","","","","","","","","","75","K","2","","true","0","full_practice","",""
"","bandit","59","232511","0.0-32.0-8.0","13454008","wem/bandit_party_2","A18ILYDB04VEE9","either","4","316","","","","","","","0","0","1","0.2","","0.5","0.5","0.5","0.5","","","","","0.8","0.2","0.6","0.2","","","","","","","","","","74","J","1","","true","0","full_practice","",""
"","bandit","60","234353","0.0-32.0-9.0","13454008","wem/bandit_party_2","A18ILYDB04VEE9","either","4","332","","","","","","","0","0","1","0.2","","0.5","0.5","0.5","0.5","","","","","0.8","0.2","0.6","0.2","","","","","","","","","","76","L","3","","true","0","full_practice","",""
"","bandit","61","236880","0.0-32.0-10.0","13454008","wem/bandit_party_2","A18ILYDB04VEE9","either","4","1012","","","","","","","0","1","0","","0.8","0.5","0.5","0.5","0.5","0.8","0.2","0.6","0.2","","","","","","","","","","","","","","72","H","0","img/none_selected.jpg","true","0","full_practice","",""
"","bandit","62","238401","0.0-32.0-11.0","13454008","wem/bandit_party_2","A18ILYDB04VEE9","either","4","12","","","","","","","0","1","0","","0.2","0.5","0.5","0.5","0.5","0.8","0.2","0.6","0.2","","","","","","","","","","","","","","74","J","1","","true","0","full_practice","",""
"","bandit","63","239991","0.0-32.0-12.0","13454008","wem/bandit_party_2","A18ILYDB04VEE9","either","4","76","","","","","","","0","1","0","","0.2","0.5","0.5","0.5","0.5","0.8","0.2","0.6","0.2","","","","","","","","","","","","","","74","J","1","","true","0","full_practice","",""
"","bandit","64","241610","0.0-32.0-13.0","13454008","wem/bandit_party_2","A18ILYDB04VEE9","either","4","106","","","","","","","0","1","0","","0.2","0.5","0.5","0.5","0.5","0.8","0.2","0.6","0.2","","","","","","","","","","","","","","76","L","3","","true","0","full_practice","",""
"","bandit","65","243322","0.0-32.0-14.0","13454008","wem/bandit_party_2","A18ILYDB04VEE9","either","4","204","","","","","","","0","1","0","","0.6","0.5","0.5","0.5","0.5","0.8","0.2","0.6","0.2","","","","","","","","","","","","","","75","K","2","","true","0","full_practice","",""
"","bandit","66","245393","0.0-32.0-15.0","13454008","wem/bandit_party_2","A18ILYDB04VEE9","either","4","562","","","","","","","1","0","0","0.8","","0.5","0.5","0.5","0.5","","","","","0.8","0.2","0.6","0.2","","","","","","","","","","72","H","0","img/none_selected.jpg","true","0","full_practice","",""
"","bandit","67","247448","0.0-32.0-16.0","13454008","wem/bandit_party_2","A18ILYDB04VEE9","either","4","540","","","","","","","1","0","0","0.2","","0.5","0.5","0.5","0.5","","","","","0.8","0.2","0.6","0.2","","","","","","","","","","74","J","1","","true","0","full_practice","",""
"","bandit","68","249562","0.0-32.0-17.0","13454008","wem/bandit_party_2","A18ILYDB04VEE9","either","4","601","","","","","","","0","1","0","","0.8","0.5","0.5","0.5","0.5","0.8","0.2","0.6","0.2","","","","","","","","","","","","","","72","H","0","img/none_selected.jpg","true","0","full_practice","",""
"","bandit","69","251539","0.0-32.0-18.0","13454008","wem/bandit_party_2","A18ILYDB04VEE9","either","4","465","","","","","","","1","0","0","0.6","","0.5","0.5","0.5","0.5","","","","","0.8","0.2","0.6","0.2","","","","","","","","","","75","K","2","","true","0","full_practice","",""
"","bandit","70","253444","0.0-32.0-19.0","13454008","wem/bandit_party_2","A18ILYDB04VEE9","either","4","396","","","","","","","1","0","0","0.8","","0.5","0.5","0.5","0.5","","","","","0.8","0.2","0.6","0.2","","","","","","","","","","72","H","0","img/none_selected.jpg","true","0","full_practice","",""
"","text","71","257570","0.0-33.0","13454008","wem/bandit_party_2","A18ILYDB04VEE9","either","4","4114","","","32","","","","","","","","","","","","","","","","","","","","","","","","","","","","","","","","","","","","","",""
"","text-replacement","72","266874","0.0-34.0","13454008","wem/bandit_party_2","A18ILYDB04VEE9","either","4","8299","","","32","","","","","","","","","","","","","","","","","","","","","","","","","","","","","","","","","","","","","",""
"","text-replacement","73","267770","0.0-35.0","13454008","wem/bandit_party_2","A18ILYDB04VEE9","either","4","892","","","32","","","","","","","","","","","","","","","","","","","","","","","","","","","","","","","","","","","","","",""
"","text-replacement","74","268346","0.0-36.0","13454008","wem/bandit_party_2","A18ILYDB04VEE9","either","4","572","","","32","","","","","","","","","","","","","","","","","","","","","","","","","","","","","","","","","","","","","",""
"","text-replacement","75","268750","0.0-37.0","13454008","wem/bandit_party_2","A18ILYDB04VEE9","either","4","402","","","32","","","","","","","","","","","","","","","","","","","","","","","","","","","","","","","","","","","","","",""
"","text-replacement","76","269194","0.0-38.0","13454008","wem/bandit_party_2","A18ILYDB04VEE9","either","4","440","","","32","","","","","","","","","","","","","","","","","","","","","","","","","","","","","","","","","","","","","",""
"","survey-multi-choice-replacement","77","273580","0.0-39.0-0.0","13454008","wem/bandit_party_2","A18ILYDB04VEE9","either","4","4374","","","","","","","","","","","","","","","","","","","","","","","","Money will be added to the pool for <span style='color:blue;'>DEMOCRATS</span>","","","","","","","attn_check","","","","","","","","","0",""
"","survey-multi-choice-replacement","78","279962","0.0-40.0-0.0","13454008","wem/bandit_party_2","A18ILYDB04VEE9","either","4","5373","","","","","","","","","","","","","","","","","","","","","","","","Money will be subtracted from the pool for <span style='color:red;'>REPUBLICANS</span>","","","","","","","attn_check","","","","","","","","","1",""
"","instructions","79","282050","0.0-40.0-1.0-0.0","13454008","wem/bandit_party_2","A18ILYDB04VEE9","either","4","1080","","","","","","","","","","","","","","","","","","","","","","","","","","","","","","","","","","","","","","","","","[{""page_index"":0,""viewing_time"":1080}]"
"","survey-multi-choice-replacement","80","292554","0.0-40.1-0.1","13454008","wem/bandit_party_2","A18ILYDB04VEE9","either","4","9496","","","","","","","","","","","","","","","","","","","","","","","","Equal amounts of money will be added to the pool for <span style='color:blue;'>DEMOCRATS</span> and subtracted from the pool for <span style='color:red;'>REPUBLICANS</span>","","","","","","","attn_check","","","","","","","","","2",""
"","survey-multi-choice-replacement","81","297002","0.0-41.0-0.0","13454008","wem/bandit_party_2","A18ILYDB04VEE9","either","4","3435","","","","","","","","","","","","","","","","","","","","","","","","No money will be added to either pool","","","","","","","attn_check","","","","","","","","","3",""
"","bandit","82","300985","0.0-42.0-0.0","13454008","wem/bandit_party_2","A18ILYDB04VEE9","either","4","1469","","","","","","","0","1","0","","0.7267404998","0.4","0.8","0.6","0.2","0.9858900825","0.7267404998","0.8209843215","0.2887693562","","","","","","","","","","","","","","74","J","1","","","1","main_expt","",""
"","bandit","83","302520","0.0-43.0-0.0","13454008","wem/bandit_party_2","A18ILYDB04VEE9","either","4","24","","","","","","","0","1","0","","0.8179122382","0.4","0.8","0.6","0.2","0.9854924354","0.7034907646","0.8179122382","0.2986217167","","","","","","","","","","","","","","75","K","2","","","2","main_expt","",""
"","bandit","84","305039","0.0-44.0-0.0","13454008","wem/bandit_party_2","A18ILYDB04VEE9","either","4","1011","","","","","","","0","1","0","","0.9789624529","0.4","0.8","0.6","0.2","0.9789624529","0.6574847675","0.8301291561","0.261346942","","","","","","","","","","","","","","72","H","0","img/none_selected.jpg","","3","main_expt","",""
"","bandit","85","306680","0.0-45.0-0.0","13454008","wem/bandit_party_2","A18ILYDB04VEE9","either","4","130","","","","","","","1","0","0","0.5092805277","","0.4","0.8","0.6","0.2","","","","","0.9565345184","0.5092805277","0.8219157537","0.2757740293","","","","","","","","","","74","J","1","","","4","main_expt","",""
"","bandit","86","308489","0.0-46.0-0.0","13454008","wem/bandit_party_2","A18ILYDB04VEE9","either","4","298","","","","","","","0","0","1","0.3329857669","","0.4","0.8","0.6","0.2","","","","","0.941194936","0.5952926025","0.7759220463","0.3329857669","","","","","","","","","","76","L","3","","","5","main_expt","",""
"","bandit","87","310079","0.0-47.0-0.0","13454008","wem/bandit_party_2","A18ILYDB04VEE9","either","4","80","","","","","","","1","0","0","0.7495930044","","0.4","0.8","0.6","0.2","","","","","0.9305219143","0.6160758637","0.7495930044","0.331878758","","","","","","","","","","75","K","2","","","6","main_expt","",""
"","bandit","88","311879","0.0-48.0-0.0","13454008","wem/bandit_party_2","A18ILYDB04VEE9","either","4","289","","","","","","","1","0","0","0.6381806331","","0.4","0.8","0.6","0.2","","","","","0.937738562","0.6381806331","0.7078030286","0.3863389794","","","","","","","","","","74","J","1","","","7","main_expt","",""
"","bandit","89","313631","0.0-49.0-0.0","13454008","wem/bandit_party_2","A18ILYDB04VEE9","either","4","242","","","","","","","1","0","0","0.689407674","","0.4","0.8","0.6","0.2","","","","","0.8269671957","0.7047831713","0.689407674","0.4242016385","","","","","","","","","","75","K","2","","","8","main_expt","",""
"","bandit","90","315391","0.0-50.0-0.0","13454008","wem/bandit_party_2","A18ILYDB04VEE9","either","4","252","","","","","","","1","0","0","0.6222923336","","0.4","0.8","0.6","0.2","","","","","0.7696709776","0.6222923336","0.7848236408","0.379169242","","","","","","","","","","74","J","1","","","9","main_expt","",""
"","bandit","91","317123","0.0-51.0-0.0","13454008","wem/bandit_party_2","A18ILYDB04VEE9","either","4","219","","","","","","","1","0","0","0.791363481","","0.4","0.8","0.6","0.2","","","","","0.7313552403","0.5629201009","0.791363481","0.40569916","","","","","","","","","","75","K","2","","","10","main_expt","",""
"","bandit","92","318824","0.0-52.0-0.0","13454008","wem/bandit_party_2","A18ILYDB04VEE9","either","4","194","","","","","","","1","0","0","0.644159789","","0.4","0.8","0.6","0.2","","","","","0.8129169819","0.644159789","0.7800632456","0.4188021694","","","","","","","","","","74","J","1","","","11","main_expt","",""
"","bandit","93","320553","0.0-53.0-0.0","13454008","wem/bandit_party_2","A18ILYDB04VEE9","either","4","218","","","","","","","0","1","0","","0.7559884596","0.4","0.8","0.6","0.2","0.7611571711","0.6840372722","0.7559884596","0.3689559917","","","","","","","","","","","","","","75","K","2","","","12","main_expt","",""
"","bandit","94","322363","0.0-54.0-0.0","13454008","wem/bandit_party_2","A18ILYDB04VEE9","either","4","297","","","","","","","1","0","0","0.6236151953","","0.4","0.8","0.6","0.2","","","","","0.7628417147","0.6236151953","0.7695577991","0.4584943612","","","","","","","","","","74","J","1","","","13","main_expt","",""
"","bandit","95","324135","0.0-55.0-0.0","13454008","wem/bandit_party_2","A18ILYDB04VEE9","either","4","260","","","","","","","0","0","1","0.5388331182","","0.4","0.8","0.6","0.2","","","","","0.7436451733","0.5388331182","0.8509931145","0.455083938","","","","","","","","","","74","J","1","","","14","main_expt","",""
"","bandit","96","326041","0.0-56.0-0.0","13454008","wem/bandit_party_2","A18ILYDB04VEE9","either","4","397","","","","","","","1","0","0","0.4802769188","","0.4","0.8","0.6","0.2","","","","","0.8256008488","0.4802769188","0.7745856811","0.5360112786","","","","","","","","","","74","J","1","","","15","main_expt","",""
"","bandit","97","328048","0.0-57.0-0.0","13454008","wem/bandit_party_2","A18ILYDB04VEE9","either","4","498","","","","","","","0","1","0","","0.7576521113","0.4","0.8","0.6","0.2","0.7683027423","0.4688000192","0.7576521113","0.4791571541","","","","","","","","","","","","","","75","K","2","","","16","main_expt","",""
"","bandit","98","330064","0.0-58.0-0.0","13454008","wem/bandit_party_2","A18ILYDB04VEE9","either","4","506","","","","","","","0","0","1","0.6000602573","","0.4","0.8","0.6","0.2","","","","","0.7857675768","0.6000602573","0.8099558365","0.5263630166","","","","","","","","","","74","J","1","","","17","main_expt","",""
"","bandit","99","332560","0.0-59.0-0.0","13454008","wem/bandit_party_2","A18ILYDB04VEE9","either","4","987","","","","","","","0","0","1","0.6046592687","","0.4","0.8","0.6","0.2","","","","","0.7303419725","0.6046592687","0.7535280451","0.543945959","","","","","","","","","","74","J","1","","","18","main_expt","",""
"","bandit","100","334448","0.0-60.0-0.0","13454008","wem/bandit_party_2","A18ILYDB04VEE9","either","4","378","","","","","","","1","0","0","0.7206444799","","0.4","0.8","0.6","0.2","","","","","0.7243255268","0.6177236116","0.7206444799","0.4579801682","","","","","","","","","","75","K","2","","","19","main_expt","",""
"","bandit","101","336371","0.0-61.0-0.0","13454008","wem/bandit_party_2","A18ILYDB04VEE9","either","4","408","","","","","","","1","0","0","0.6388551968","","0.4","0.8","0.6","0.2","","","","","0.7691283854","0.5484637992","0.6388551968","0.5439896582","","","","","","","","","","75","K","2","","","20","main_expt","",""
"","bandit","102","338170","0.0-62.0-0.0","13454008","wem/bandit_party_2","A18ILYDB04VEE9","either","4","285","","","","","","","0","0","1","","0.5796019833","0.4","0.8","0.6","0.2","0.7068464658","0.6646151354","0.4956822649","0.5796019833","","","","","","","","","","","","","","76","L","3","","","21","main_expt","",""
"","bandit","103","339689","0.0-63.0-0.0","13454008","wem/bandit_party_2","A18ILYDB04VEE9","either","4","3","","","","","","","0","1","0","","0.4316307404","0.4","0.8","0.6","0.2","0.7407239748","0.7223938077","0.4316307404","0.5885929095","","","","","","","","","","","","","","75","K","2","","","22","main_expt","",""
"","bandit","104","341400","0.0-64.0-0.0","13454008","wem/bandit_party_2","A18ILYDB04VEE9","either","4","203","","","","","","","1","0","0","0.7548690184","","0.4","0.8","0.6","0.2","","","","","0.7300920021","0.7548690184","0.4158022912","0.4899642796","","","","","","","","","","74","J","1","","","23","main_expt","",""
"","bandit","105","343512","0.0-65.0-0.0","13454008","wem/bandit_party_2","A18ILYDB04VEE9","either","4","597","","","","","","","1","0","0","0.7794954679","","0.4","0.8","0.6","0.2","","","","","0.7074307303","0.7794954679","0.4099928258","0.4984159311","","","","","","","","","","74","J","1","","","24","main_expt","",""
"","bandit","106","346055","0.0-66.0-0.0","13454008","wem/bandit_party_2","A18ILYDB04VEE9","either","4","1031","","","","","","","0","1","0","","0.8029664172","0.4","0.8","0.6","0.2","0.6228099684","0.8029664172","0.4303724308","0.5885503773","","","","","","","","","","","","","","74","J","1","","","25","main_expt","",""
"","bandit","107","348600","0.0-67.0-0.0","13454008","wem/bandit_party_2","A18ILYDB04VEE9","either","4","1037","","","","","","","0","1","0","","0.5588879168","0.4","0.8","0.6","0.2","0.5588879168","0.6980766755","0.3291624114","0.6978100054","","","","","","","","","","","","","","72","H","0","img/none_selected.jpg","","26","main_expt","",""
"","bandit","108","350346","0.0-68.0-0.0","13454008","wem/bandit_party_2","A18ILYDB04VEE9","either","4","232","","","","","","","1","0","0","0.7021498626","","0.4","0.8","0.6","0.2","","","","","0.5033257713","0.7021498626","0.3795789415","0.6442468271","","","","","","","","","","74","J","1","","","27","main_expt","",""
"","bandit","109","352296","0.0-69.0-0.0","13454008","wem/bandit_party_2","A18ILYDB04VEE9","either","4","440","","","","","","","1","0","0","0.7802436781","","0.4","0.8","0.6","0.2","","","","","0.4915102133","0.7802436781","0.3208573938","0.7399213538","","","","","","","","","","74","J","1","","","28","main_expt","",""
"","bandit","110","354249","0.0-70.0-0.0","13454008","wem/bandit_party_2","A18ILYDB04VEE9","either","4","437","","","","","","","1","0","0","0.6907923131","","0.4","0.8","0.6","0.2","","","","","0.4291187576","0.6907923131","0.3352919619","0.7520253205","","","","","","","","","","74","J","1","","","29","main_expt","",""
"","bandit","111","356159","0.0-71.0-0.0","13454008","wem/bandit_party_2","A18ILYDB04VEE9","either","4","403","","","","","","","1","0","0","0.6771306444","","0.4","0.8","0.6","0.2","","","","","0.5379907803","0.6771306444","0.3452717309","0.7528469829","","","","","","","","","","74","J","1","","","30","main_expt","",""
"","bandit","112","358397","0.0-72.0-0.0","13454008","wem/bandit_party_2","A18ILYDB04VEE9","either","4","722","","","","","","","0","1","0","","0.7130915948","0.4","0.8","0.6","0.2","0.646046857","0.7130915948","0.2967094522","0.7571908429","","","","","","","","","","","","","","74","J","1","","","31","main_expt","",""
"","bandit","113","359904","0.0-73.0-0.0","13454008","wem/bandit_party_2","A18ILYDB04VEE9","either","4","1","","","","","","","1","0","0","0.255781972","","0.4","0.8","0.6","0.2","","","","","0.5608885347","0.6849190202","0.255781972","0.7530934884","","","","","","","","","","75","K","2","","","32","main_expt","",""
"","bandit","114","361679","0.0-74.0-0.0","13454008","wem/bandit_party_2","A18ILYDB04VEE9","either","4","264","","","","","","","0","1","0","","0.7392612035","0.4","0.8","0.6","0.2","0.5952322697","0.7392612035","0.2703771925","0.7163673585","","","","","","","","","","","","","","74","J","1","","","33","main_expt","",""
"","bandit","115","363768","0.0-75.0-0.0","13454008","wem/bandit_party_2","A18ILYDB04VEE9","either","4","578","","","","","","","0","1","0","","0.3572673824","0.4","0.8","0.6","0.2","0.6206609301","0.7026009082","0.3572673824","0.6817248107","","","","","","","","","","","","","","75","K","2","","","34","main_expt","",""
"","bandit","116","365578","0.0-76.0-0.0","13454008","wem/bandit_party_2","A18ILYDB04VEE9","either","4","300","","","","","","","0","0","1","0.632003728","","0.4","0.8","0.6","0.2","","","","","0.6223058769","0.632003728","0.3237575066","0.6903641832","","","","","","","","","","74","J","1","","","35","main_expt","",""
"","bandit","117","367377","0.0-77.0-0.0","13454008","wem/bandit_party_2","A18ILYDB04VEE9","either","4","285","","","","","","","0","0","1","0.7266912659","","0.4","0.8","0.6","0.2","","","","","0.7304722347","0.7266912659","0.3724209237","0.6953747248","","","","","","","","","","74","J","1","","","36","main_expt","",""
"","bandit","118","369272","0.0-78.0-0.0","13454008","wem/bandit_party_2","A18ILYDB04VEE9","either","4","386","","","","","","","0","0","1","0.3848591071","","0.4","0.8","0.6","0.2","","","","","0.6789706255","0.5512211225","0.3848591071","0.7552078918","","","","","","","","","","75","K","2","","","37","main_expt","",""
"","bandit","119","371362","0.0-79.0-0.0","13454008","wem/bandit_party_2","A18ILYDB04VEE9","either","4","581","","","","","","","0","1","0","","0.6758320082","0.4","0.8","0.6","0.2","0.6758320082","0.5888446875","0.4026628424","0.7095976639","","","","","","","","","","","","","","72","H","0","img/none_selected.jpg","","38","main_expt","",""
"","bandit","120","373107","0.0-80.0-0.0","13454008","wem/bandit_party_2","A18ILYDB04VEE9","either","4","233","","","","","","","0","1","0","","0.7349010221","0.4","0.8","0.6","0.2","0.753286291","0.7349010221","0.460229008","0.7813817897","","","","","","","","","","","","","","74","J","1","","","39","main_expt","",""
"","bandit","121","375413","0.0-81.0-0.0","13454008","wem/bandit_party_2","A18ILYDB04VEE9","either","4","794","","","","","","","0","0","1","0.3392787789","","0.4","0.8","0.6","0.2","","","","","0.7527041006","0.6715391024","0.3392787789","0.7604460558","","","","","","","","","","75","K","2","","","40","main_expt","",""
"","bandit","122","377225","0.0-82.0-0.0","13454008","wem/bandit_party_2","A18ILYDB04VEE9","either","4","301","","","","","","","0","0","1","","0.7588214983","0.4","0.8","0.6","0.2","0.7900808451","0.688235262","0.2983701942","0.7588214983","","","","","","","","","","","","","","76","L","3","","","41","main_expt","",""
"","bandit","123","379376","0.0-83.0-0.0","13454008","wem/bandit_party_2","A18ILYDB04VEE9","either","4","641","","","","","","","1","0","0","0.750516412","","0.4","0.8","0.6","0.2","","","","","0.7261157662","0.750516412","0.2390858253","0.8204813903","","","","","","","","","","74","J","1","","","42","main_expt","",""
"","bandit","124","381335","0.0-84.0-0.0","13454008","wem/bandit_party_2","A18ILYDB04VEE9","either","4","450","","","","","","","1","0","0","0.775378891","","0.4","0.8","0.6","0.2","","","","","0.772887471","0.775378891","0.1877526289","0.8310219988","","","","","","","","","","74","J","1","","","43","main_expt","",""
"","bandit","125","383275","0.0-85.0-0.0","13454008","wem/bandit_party_2","A18ILYDB04VEE9","either","4","429","","","","","","","0","0","1","0.5983035632","","0.4","0.8","0.6","0.2","","","","","0.7359848823","0.5983035632","0.2713877418","0.8165903167","","","","","","","","","","74","J","1","","","44","main_expt","",""
"","bandit","126","385143","0.0-86.0-0.0","13454008","wem/bandit_party_2","A18ILYDB04VEE9","either","4","360","","","","","","","0","0","1","0.2600408605","","0.4","0.8","0.6","0.2","","","","","0.6223954065","0.6453890447","0.2600408605","0.6765015189","","","","","","","","","","75","K","2","","","45","main_expt","",""
"","bandit","127","386947","0.0-87.0-0.0","13454008","wem/bandit_party_2","A18ILYDB04VEE9","either","4","288","","","","","","","0","0","1","0.4979639723","","0.4","0.8","0.6","0.2","","","","","0.5963379238","0.4979639723","0.2435580982","0.6613510417","","","","","","","","","","74","J","1","","","46","main_expt","",""
"","bandit","128","388874","0.0-88.0-0.0","13454008","wem/bandit_party_2","A18ILYDB04VEE9","either","4","414","","","","","","","1","0","0","0.4475739324","","0.4","0.8","0.6","0.2","","","","","0.6161308884","0.4475739324","0.3258971046","0.7373034573","","","","","","","","","","74","J","1","","","47","main_expt","",""
"","bandit","129","390938","0.0-89.0-0.0","13454008","wem/bandit_party_2","A18ILYDB04VEE9","either","4","552","","","","","","","1","0","0","0.570942939","","0.4","0.8","0.6","0.2","","","","","0.6354722558","0.570942939","0.2934977076","0.6580913366","","","","","","","","","","74","J","1","","","48","main_expt","",""
"","bandit","130","392763","0.0-90.0-0.0","13454008","wem/bandit_party_2","A18ILYDB04VEE9","either","4","309","","","","","","","1","0","0","0.5943858444","","0.4","0.8","0.6","0.2","","","","","0.5941747261","0.5943858444","0.3381222087","0.6518545324","","","","","","","","","","74","J","1","","","49","main_expt","",""
"","bandit","131","394579","0.0-91.0-0.0","13454008","wem/bandit_party_2","A18ILYDB04VEE9","either","4","293","","","","","","","1","0","0","0.72156704","","0.4","0.8","0.6","0.2","","","","","0.5510631732","0.72156704","0.4149653651","0.6362385309","","","","","","","","","","74","J","1","","","50","main_expt","",""
"","bandit","132","396505","0.0-92.0-0.0","13454008","wem/bandit_party_2","A18ILYDB04VEE9","either","4","418","","","","","","","1","0","0","0.6453884322","","0.4","0.8","0.6","0.2","","","","","0.5580995271","0.6453884322","0.315936401","0.6673370403","","","","","","","","","","74","J","1","","","51","main_expt","",""
"","bandit","133","398368","0.0-93.0-0.0","13454008","wem/bandit_party_2","A18ILYDB04VEE9","either","4","353","","","","","","","1","0","0","0.635653338","","0.4","0.8","0.6","0.2","","","","","0.4492126091","0.635653338","0.34776451","0.6614759556","","","","","","","","","","74","J","1","","","52","main_expt","",""
"","bandit","134","400234","0.0-94.0-0.0","13454008","wem/bandit_party_2","A18ILYDB04VEE9","either","4","356","","","","","","","1","0","0","0.5700640027","","0.4","0.8","0.6","0.2","","","","","0.4600129001","0.5700640027","0.2946288454","0.5099009019","","","","","","","","","","74","J","1","","","53","main_expt","",""
"","bandit","135","402201","0.0-95.0-0.0","13454008","wem/bandit_party_2","A18ILYDB04VEE9","either","4","455","","","","","","","1","0","0","0.4535518587","","0.4","0.8","0.6","0.2","","","","","0.4005354829","0.4535518587","0.3757560715","0.5323874036","","","","","","","","","","74","J","1","","","54","main_expt","",""
"","bandit","136","404082","0.0-96.0-0.0","13454008","wem/bandit_party_2","A18ILYDB04VEE9","either","4","366","","","","","","","1","0","0","0.4271895083","","0.4","0.8","0.6","0.2","","","","","0.3305694417","0.4271895083","0.3258455482","0.5410243768","","","","","","","","","","74","J","1","","","55","main_expt","",""
"","bandit","137","405913","0.0-97.0-0.0","13454008","wem/bandit_party_2","A18ILYDB04VEE9","either","4","319","","","","","","","1","0","0","0.3506641683","","0.4","0.8","0.6","0.2","","","","","0.3443449075","0.3506641683","0.4350401219","0.5594159285","","","","","","","","","","74","J","1","","","56","main_expt","",""
"","bandit","138","407718","0.0-98.0-0.0","13454008","wem/bandit_party_2","A18ILYDB04VEE9","either","4","285","","","","","","","0","0","1","0.3266461122","","0.4","0.8","0.6","0.2","","","","","0.3719720486","0.3266461122","0.3707313189","0.5057935102","","","","","","","","","","74","J","1","","","57","main_expt","",""
"","bandit","139","409620","0.0-99.0-0.0","13454008","wem/bandit_party_2","A18ILYDB04VEE9","either","4","389","","","","","","","0","0","1","0.5588799977","","0.4","0.8","0.6","0.2","","","","","0.2230753252","0.3024401834","0.5588799977","0.4921421838","","","","","","","","","","75","K","2","","","58","main_expt","",""
"","bandit","140","412250","0.0-100.0-0.0","13454008","wem/bandit_party_2","A18ILYDB04VEE9","either","4","1115","","","","","","","1","0","0","0.4306619987","","0.4","0.8","0.6","0.2","","","","","0.2255195526","0.4306619987","0.6863198467","0.4740341295","","","","","","","","","","74","J","1","","","59","main_expt","",""
"","bandit","141","414431","0.0-101.0-0.0","13454008","wem/bandit_party_2","A18ILYDB04VEE9","either","4","671","","","","","","","0","0","1","0.4710521126","","0.4","0.8","0.6","0.2","","","","","0.2150487889","0.4710521126","0.6998437478","0.4853159436","","","","","","","","","","74","J","1","","","60","main_expt","",""
"","bandit","142","416744","0.0-102.0-0.0","13454008","wem/bandit_party_2","A18ILYDB04VEE9","either","4","804","","","","","","","1","0","0","0.4797168847","","0.4","0.8","0.6","0.2","","","","","0.2670703017","0.4797168847","0.7027468204","0.4843563089","","","","","","","","","","74","J","1","","","61","main_expt","",""
"","bandit","143","419178","0.0-103.0-0.0","13454008","wem/bandit_party_2","A18ILYDB04VEE9","either","4","921","","","","","","","0","0","1","0.441351191","","0.4","0.8","0.6","0.2","","","","","0.1622034337","0.441351191","0.7461433662","0.4970562682","","","","","","","","","","74","J","1","","","62","main_expt","",""
"","bandit","144","427544","0.0-104.0-0.0","13454008","wem/bandit_party_2","A18ILYDB04VEE9","either","4","6857","","","","","","","1","0","0","0.6405696824","","0.4","0.8","0.6","0.2","","","","","0.1872430185","0.6405696824","0.7956877632","0.4870743105","","","","","","","","","","74","J","1","","","63","main_expt","",""
"","bandit","145","429847","0.0-105.0-0.0","13454008","wem/bandit_party_2","A18ILYDB04VEE9","either","4","793","","","","","","","1","0","0","0.5093225209","","0.4","0.8","0.6","0.2","","","","","0.1921602407","0.5093225209","0.7533911137","0.5297884171","","","","","","","","","","74","J","1","","","64","main_expt","",""
"","bandit","146","433968","0.0-106.0-0.0","13454008","wem/bandit_party_2","A18ILYDB04VEE9","either","4","2610","","","","","","","0","0","1","0.5190422554","","0.4","0.8","0.6","0.2","","","","","0.1747679693","0.5190422554","0.8407665504","0.5510281753","","","","","","","","","","74","J","1","","","65","main_expt","",""
"","bandit","147","435811","0.0-107.0-0.0","13454008","wem/bandit_party_2","A18ILYDB04VEE9","either","4","321","","","","","","","0","1","0","","0.8392190168","0.4","0.8","0.6","0.2","0.149475979","0.4367989657","0.8392190168","0.6548378986","","","","","","","","","","","","","","75","K","2","","","66","main_expt","",""
"","bandit","148","437910","0.0-108.0-0.0","13454008","wem/bandit_party_2","A18ILYDB04VEE9","either","4","584","","","","","","","0","0","1","0.4515976155","","0.4","0.8","0.6","0.2","","","","","0.1340316754","0.4515976155","0.7998105719","0.7873643744","","","","","","","","","","74","J","1","","","67","main_expt","",""
"","bandit","149","444971","0.0-109.0-0.0","13454008","wem/bandit_party_2","A18ILYDB04VEE9","either","4","5545","","","","","","","0","0","1","0.4605235732","","0.4","0.8","0.6","0.2","","","","","0.1635100664","0.4605235732","0.8055175736","0.8374830125","","","","","","","","","","74","J","1","","","68","main_expt","",""
"","bandit","150","448425","0.0-110.0-0.0","13454008","wem/bandit_party_2","A18ILYDB04VEE9","either","4","1940","","","","","","","1","0","0","0.3799115548","","0.4","0.8","0.6","0.2","","","","","0.1227365859","0.3799115548","0.9157616325","0.7948054761","","","","","","","","","","74","J","1","","","69","main_expt","",""
"","bandit","151","453739","0.0-111.0-0.0","13454008","wem/bandit_party_2","A18ILYDB04VEE9","either","4","3800","","","","","","","0","0","1","","0.4215965018","0.4","0.8","0.6","0.2","0.1248437045","0.4215965018","0.9575411193","0.8257183208","","","","","","","","","","","","","","74","J","1","","","70","main_expt","",""
"","bandit","152","457367","0.0-112.0-0.0","13454008","wem/bandit_party_2","A18ILYDB04VEE9","either","4","2116","","","","","","","1","0","0","0.4069040491","","0.4","0.8","0.6","0.2","","","","","0.1153860856","0.4069040491","0.9604429572","0.7378076352","","","","","","","","","","74","J","1","","","71","main_expt","",""
"","bandit","153","459071","0.0-113.0-0.0","13454008","wem/bandit_party_2","A18ILYDB04VEE9","either","4","191","","","","","","","1","0","0","0.4396577013","","0.4","0.8","0.6","0.2","","","","","0.1355011504","0.4396577013","0.9598545795","0.7402058239","","","","","","","","","","74","J","1","","","72","main_expt","",""
"","bandit","154","461039","0.0-114.0-0.0","13454008","wem/bandit_party_2","A18ILYDB04VEE9","either","4","457","","","","","","","0","0","1","","0.6562772762","0.4","0.8","0.6","0.2","0.05996807606","0.6562772762","0.944667289","0.6976791507","","","","","","","","","","","","","","74","J","1","","","73","main_expt","",""
"","bandit","155","463135","0.0-115.0-0.0","13454008","wem/bandit_party_2","A18ILYDB04VEE9","either","4","586","","","","","","","1","0","0","0.9226304804","","0.4","0.8","0.6","0.2","","","","","0.05405538329","0.6973429816","0.9226304804","0.7918365236","","","","","","","","","","75","K","2","","","74","main_expt","",""
"","bandit","156","465024","0.0-116.0-0.0","13454008","wem/bandit_party_2","A18ILYDB04VEE9","either","4","380","","","","","","","1","0","0","0.7736122178","","0.4","0.8","0.6","0.2","","","","","0.02989929625","0.7736122178","0.9398646798","0.7822783488","","","","","","","","","","74","J","1","","","75","main_expt","",""
"","bandit","157","466890","0.0-117.0-0.0","13454008","wem/bandit_party_2","A18ILYDB04VEE9","either","4","353","","","","","","","0","1","0","","0.8130420724","0.4","0.8","0.6","0.2","0.0563551135","0.8130420724","0.9344412274","0.7290889389","","","","","","","","","","","","","","74","J","1","","","76","main_expt","",""
"","bandit","158","468682","0.0-118.0-0.0","13454008","wem/bandit_party_2","A18ILYDB04VEE9","either","4","280","","","","","","","1","0","0","0.9512527415","","0.4","0.8","0.6","0.2","","","","","0.0510075381","0.8182773084","0.9512527415","0.7903383215","","","","","","","","","","75","K","2","","","77","main_expt","",""
"","bandit","159","471458","0.0-119.0-0.0","13454008","wem/bandit_party_2","A18ILYDB04VEE9","either","4","1263","","","","","","","0","0","1","","0.910984946","0.4","0.8","0.6","0.2","0.07280641377","0.910984946","0.945324638","0.8093770606","","","","","","","","","","","","","","74","J","1","","","78","main_expt","",""
"","bandit","160","474307","0.0-120.0-0.0","13454008","wem/bandit_party_2","A18ILYDB04VEE9","either","4","1333","","","","","","","1","0","0","0.9303795674","","0.4","0.8","0.6","0.2","","","","","0.06591604593","0.9303795674","0.9313693401","0.7310189459","","","","","","","","","","74","J","1","","","79","main_expt","",""
"","bandit","161","476731","0.0-121.0-0.0","13454008","wem/bandit_party_2","A18ILYDB04VEE9","either","4","907","","","","","","","1","0","0","0.9581515868","","0.4","0.8","0.6","0.2","","","","","0.02790121052","0.9581515868","0.9272018461","0.7915113188","","","","","","","","","","74","J","1","","","80","main_expt","",""
"","bandit","162","478615","0.0-122.0-0.0","13454008","wem/bandit_party_2","A18ILYDB04VEE9","either","4","375","","","","","","","1","0","0","0.9107397581","","0.4","0.8","0.6","0.2","","","","","0.03997429631","0.9107397581","0.9340165544","0.8463201033","","","","","","","","","","74","J","1","","","81","main_expt","",""
"","bandit","163","480417","0.0-123.0-0.0","13454008","wem/bandit_party_2","A18ILYDB04VEE9","either","4","290","","","","","","","1","0","0","0.9531247327","","0.4","0.8","0.6","0.2","","","","","0.03692483048","0.9531247327","0.9778602254","0.9043915002","","","","","","","","","","74","J","1","","","82","main_expt","",""
"","bandit","164","482281","0.0-124.0-0.0","13454008","wem/bandit_party_2","A18ILYDB04VEE9","either","4","351","","","","","","","0","1","0","","0.91574064","0.4","0.8","0.6","0.2","0.04167024954","0.91574064","0.9593015187","0.922294541","","","","","","","","","","","","","","74","J","1","","","83","main_expt","",""
"","bandit","165","484150","0.0-125.0-0.0","13454008","wem/bandit_party_2","A18ILYDB04VEE9","either","4","360","","","","","","","1","0","0","0.9398758864","","0.4","0.8","0.6","0.2","","","","","0.03449326924","0.9287460716","0.9398758864","0.9079954767","","","","","","","","","","75","K","2","","","84","main_expt","",""
"","bandit","166","486060","0.0-126.0-0.0","13454008","wem/bandit_party_2","A18ILYDB04VEE9","either","4","395","","","","","","","0","1","0","","0.9256746213","0.4","0.8","0.6","0.2","0.07382848834","0.9817994773","0.9256746213","0.92293493","","","","","","","","","","","","","","75","K","2","","","85","main_expt","",""
"","bandit","167","487811","0.0-127.0-0.0","13454008","wem/bandit_party_2","A18ILYDB04VEE9","either","4","239","","","","","","","1","0","0","0.9651028603","","0.4","0.8","0.6","0.2","","","","","0.08839198485","0.9651028603","0.8910640916","0.8831043051","","","","","","","","","","74","J","1","","","86","main_expt","",""
"","bandit","168","489631","0.0-128.0-0.0","13454008","wem/bandit_party_2","A18ILYDB04VEE9","either","4","308","","","","","","","0","1","0","","0.9364705545","0.4","0.8","0.6","0.2","0.08767612821","0.9364705545","0.8729480744","0.876749115","","","","","","","","","","","","","","74","J","1","","","87","main_expt","",""
"","bandit","169","491898","0.0-129.0-0.0","13454008","wem/bandit_party_2","A18ILYDB04VEE9","either","4","755","","","","","","","0","0","1","0.8780151739","","0.4","0.8","0.6","0.2","","","","","0.1606359608","0.9235767634","0.8780151739","0.9189432589","","","","","","","","","","75","K","2","","","88","main_expt","",""
"","bandit","170","493691","0.0-130.0-0.0","13454008","wem/bandit_party_2","A18ILYDB04VEE9","either","4","283","","","","","","","0","1","0","","0.9375107972","0.4","0.8","0.6","0.2","0.2051996915","0.9375107972","0.8856980863","0.8770582065","","","","","","","","","","","","","","74","J","1","","","89","main_expt","",""
"","bandit","171","495535","0.0-131.0-0.0","13454008","wem/bandit_party_2","A18ILYDB04VEE9","either","4","334","","","","","","","1","0","0","0.8828292745","","0.4","0.8","0.6","0.2","","","","","0.1757431166","0.9201099193","0.8828292745","0.9303780437","","","","","","","","","","75","K","2","","","90","main_expt","",""
"","bandit","172","497631","0.0-132.0-0.0","13454008","wem/bandit_party_2","A18ILYDB04VEE9","either","4","584","","","","","","","1","0","0","0.9016480115","","0.4","0.8","0.6","0.2","","","","","0.3470073597","0.9416722714","0.9016480115","0.8870296602","","","","","","","","","","75","K","2","","","91","main_expt","",""
"","bandit","173","500287","0.0-133.0-0.0","13454008","wem/bandit_party_2","A18ILYDB04VEE9","either","4","1147","","","","","","","1","0","0","0.943817784","","0.4","0.8","0.6","0.2","","","","","0.4969118024","0.943817784","0.9077272713","0.8466670433","","","","","","","","","","74","J","1","","","92","main_expt","",""
"","bandit","174","502104","0.0-134.0-0.0","13454008","wem/bandit_party_2","A18ILYDB04VEE9","either","4","308","","","","","","","1","0","0","0.9078517942","","0.4","0.8","0.6","0.2","","","","","0.5773598144","0.9078517942","0.875936713","0.850017275","","","","","","","","","","74","J","1","","","93","main_expt","",""
"","bandit","175","503961","0.0-135.0-0.0","13454008","wem/bandit_party_2","A18ILYDB04VEE9","either","4","345","","","","","","","0","1","0","","0.8983200186","0.4","0.8","0.6","0.2","0.5513550223","0.8983200186","0.8089346838","0.6893652978","","","","","","","","","","","","","","74","J","1","","","94","main_expt","",""
"","bandit","176","505523","0.0-136.0-0.0","13454008","wem/bandit_party_2","A18ILYDB04VEE9","either","4","41","","","","","","","0","1","0","","0.7472177953","0.4","0.8","0.6","0.2","0.5461825447","0.8744309931","0.7472177953","0.6025630118","","","","","","","","","","","","","","75","K","2","","","95","main_expt","",""
"","bandit","177","507339","0.0-137.0-0.0","13454008","wem/bandit_party_2","A18ILYDB04VEE9","either","4","300","","","","","","","0","1","0","","0.8894212924","0.4","0.8","0.6","0.2","0.5564841108","0.8894212924","0.631257407","0.5565182624","","","","","","","","","","","","","","74","J","1","","","96","main_expt","",""
"","bandit","178","509009","0.0-138.0-0.0","13454008","wem/bandit_party_2","A18ILYDB04VEE9","either","4","157","","","","","","","0","0","1","","0.891162681","0.4","0.8","0.6","0.2","0.6513715187","0.891162681","0.7474787878","0.4820287155","","","","","","","","","","","","","","74","J","1","","","97","main_expt","",""
"","bandit","179","510652","0.0-139.0-0.0","13454008","wem/bandit_party_2","A18ILYDB04VEE9","either","4","125","","","","","","","1","0","0","0.7753317291","","0.4","0.8","0.6","0.2","","","","","0.7004254565","0.8495400438","0.7753317291","0.4599621431","","","","","","","","","","75","K","2","","","98","main_expt","",""
"","bandit","180","512321","0.0-140.0-0.0","13454008","wem/bandit_party_2","A18ILYDB04VEE9","either","4","158","","","","","","","0","1","0","","0.7088399779","0.4","0.8","0.6","0.2","0.6473310623","0.8671572546","0.7088399779","0.4109144258","","","","","","","","","","","","","","75","K","2","","","99","main_expt","",""
"","bandit","181","514012","0.0-141.0-0.0","13454008","wem/bandit_party_2","A18ILYDB04VEE9","either","4","177","","","","","","","0","1","0","","0.8312294914","0.4","0.8","0.6","0.2","0.6160818326","0.8312294914","0.7328055719","0.3466085394","","","","","","","","","","","","","","74","J","1","","","100","main_expt","",""
"","bandit","182","515800","0.0-142.0-0.0","13454008","wem/bandit_party_2","A18ILYDB04VEE9","either","4","268","","","","","","","0","1","0","","0.8183789849","0.4","0.8","0.6","0.2","0.6963675268","0.8135240708","0.8183789849","0.3712289037","","","","","","","","","","","","","","75","K","2","","","101","main_expt","",""
"","bandit","183","517569","0.0-143.0-0.0","13454008","wem/bandit_party_2","A18ILYDB04VEE9","either","4","256","","","","","","","1","0","0","0.8556055773","","0.4","0.8","0.6","0.2","","","","","0.6339579424","0.8556055773","0.7854635714","0.3626324234","","","","","","","","","","74","J","1","","","102","main_expt","",""
"","bandit","184","519365","0.0-144.0-0.0","13454008","wem/bandit_party_2","A18ILYDB04VEE9","either","4","285","","","","","","","1","0","0","0.7632006143","","0.4","0.8","0.6","0.2","","","","","0.6908430899","0.7632006143","0.8481411385","0.2748825764","","","","","","","","","","74","J","1","","","103","main_expt","",""
"","bandit","185","521266","0.0-145.0-0.0","13454008","wem/bandit_party_2","A18ILYDB04VEE9","either","4","388","","","","","","","1","0","0","0.8273213265","","0.4","0.8","0.6","0.2","","","","","0.6866318891","0.8273213265","0.8129446485","0.2381725209","","","","","","","","","","74","J","1","","","104","main_expt","",""
"","bandit","186","523705","0.0-146.0-0.0","13454008","wem/bandit_party_2","A18ILYDB04VEE9","either","4","925","","","","","","","0","1","0","","0.7930501456","0.4","0.8","0.6","0.2","0.6749941214","0.7930501456","0.7898688037","0.1939551764","","","","","","","","","","","","","","74","J","1","","","105","main_expt","",""
"","bandit","187","525506","0.0-147.0-0.0","13454008","wem/bandit_party_2","A18ILYDB04VEE9","either","4","286","","","","","","","1","0","0","0.7810744832","","0.4","0.8","0.6","0.2","","","","","0.7300347885","0.7186603115","0.7810744832","0.1884153881","","","","","","","","","","75","K","2","","","106","main_expt","",""
"","bandit","188","527664","0.0-148.0-0.0","13454008","wem/bandit_party_2","A18ILYDB04VEE9","either","4","649","","","","","","","1","0","0","0.7837395221","","0.4","0.8","0.6","0.2","","","","","0.8133516847","0.7155595947","0.7837395221","0.1011451677","","","","","","","","","","75","K","2","","","107","main_expt","",""
"","bandit","189","529474","0.0-149.0-0.0","13454008","wem/bandit_party_2","A18ILYDB04VEE9","either","4","298","","","","","","","0","1","0","","0.787971135","0.4","0.8","0.6","0.2","0.8009432675","0.7654707556","0.787971135","0.1500242655","","","","","","","","","","","","","","75","K","2","","","108","main_expt","",""
"","bandit","190","531352","0.0-150.0-0.0","13454008","wem/bandit_party_2","A18ILYDB04VEE9","either","4","364","","","","","","","0","0","1","0.6288612937","","0.4","0.8","0.6","0.2","","","","","0.7379370491","0.6288612937","0.6866525704","0.1285750889","","","","","","","","","","74","J","1","","","109","main_expt","",""
"","bandit","191","533103","0.0-151.0-0.0","13454008","wem/bandit_party_2","A18ILYDB04VEE9","either","4","242","","","","","","","1","0","0","0.5824748378","","0.4","0.8","0.6","0.2","","","","","0.7379992527","0.6309058105","0.5824748378","0.06279291231","","","","","","","","","","75","K","2","","","110","main_expt","",""
"","bandit","192","534832","0.0-152.0-0.0","13454008","wem/bandit_party_2","A18ILYDB04VEE9","either","4","216","","","","","","","1","0","0","0.659702805","","0.4","0.8","0.6","0.2","","","","","0.7464430213","0.6218965746","0.659702805","0.07144278273","","","","","","","","","","75","K","2","","","111","main_expt","",""
"","bandit","193","536577","0.0-153.0-0.0","13454008","wem/bandit_party_2","A18ILYDB04VEE9","either","4","234","","","","","","","1","0","0","0.5111205641","","0.4","0.8","0.6","0.2","","","","","0.7736339118","0.6741482942","0.5111205641","0.06013221683","","","","","","","","","","75","K","2","","","112","main_expt","",""
"","bandit","194","538393","0.0-154.0-0.0","13454008","wem/bandit_party_2","A18ILYDB04VEE9","either","4","304","","","","","","","1","0","0","0.4852392648","","0.4","0.8","0.6","0.2","","","","","0.8480767854","0.7405202534","0.4852392648","0.1442356489","","","","","","","","","","75","K","2","","","113","main_expt","",""
"","bandit","195","540200","0.0-155.0-0.0","13454008","wem/bandit_party_2","A18ILYDB04VEE9","either","4","298","","","","","","","0","1","0","","0.3531287621","0.4","0.8","0.6","0.2","0.8016933152","0.743157628","0.3531287621","0.1733870882","","","","","","","","","","","","","","75","K","2","","","114","main_expt","",""
"","bandit","196","541975","0.0-156.0-0.0","13454008","wem/bandit_party_2","A18ILYDB04VEE9","either","4","266","","","","","","","0","0","1","","0.7732583829","0.4","0.8","0.6","0.2","0.8200260584","0.7732583829","0.4090792957","0.2198725907","","","","","","","","","","","","","","74","J","1","","","115","main_expt","",""
"","bandit","197","543980","0.0-157.0-0.0","13454008","wem/bandit_party_2","A18ILYDB04VEE9","either","4","491","","","","","","","1","0","0","0.6224016225","","0.4","0.8","0.6","0.2","","","","","0.7761954976","0.6224016225","0.4927933112","0.2116870815","","","","","","","","","","74","J","1","","","116","main_expt","",""
"","bandit","198","545960","0.0-158.0-0.0","13454008","wem/bandit_party_2","A18ILYDB04VEE9","either","4","469","","","","","","","0","1","0","","0.6784399158","0.4","0.8","0.6","0.2","0.7722233998","0.6784399158","0.4255499736","0.1293815938","","","","","","","","","","","","","","74","J","1","","","117","main_expt","",""
"","bandit","199","548489","0.0-159.0-0.0","13454008","wem/bandit_party_2","A18ILYDB04VEE9","either","4","1016","","","","","","","0","0","1","0.7499631032","","0.4","0.8","0.6","0.2","","","","","0.8049831996","0.7499631032","0.4073726931","0.1442073762","","","","","","","","","","74","J","1","","","118","main_expt","",""
"","bandit","200","550272","0.0-160.0-0.0","13454008","wem/bandit_party_2","A18ILYDB04VEE9","either","4","270","","","","","","","0","0","1","0.5447318884","","0.4","0.8","0.6","0.2","","","","","0.8469405197","0.6258432538","0.5447318884","0.2098334931","","","","","","","","","","75","K","2","","","119","main_expt","",""
"","bandit","201","552058","0.0-161.0-0.0","13454008","wem/bandit_party_2","A18ILYDB04VEE9","either","4","271","","","","","","","0","0","1","0.5602994123","","0.4","0.8","0.6","0.2","","","","","0.783925966","0.5602994123","0.5336717705","0.243218138","","","","","","","","","","74","J","1","","","120","main_expt","",""
"","bandit","202","554152","0.0-162.0-0.0","13454008","wem/bandit_party_2","A18ILYDB04VEE9","either","4","585","","","","","","","1","0","0","0.5850644561","","0.4","0.8","0.6","0.2","","","","","0.8031476983","0.5850644561","0.5621279662","0.1595445902","","","","","","","","","","74","J","1","","","121","main_expt","",""
"","bandit","203","556263","0.0-163.0-0.0","13454008","wem/bandit_party_2","A18ILYDB04VEE9","either","4","597","","","","","","","0","0","1","0.6205732407","","0.4","0.8","0.6","0.2","","","","","0.776878313","0.6205732407","0.5664238538","0.1939767007","","","","","","","","","","74","J","1","","","122","main_expt","",""
"","bandit","204","558040","0.0-164.0-0.0","13454008","wem/bandit_party_2","A18ILYDB04VEE9","either","4","267","","","","","","","0","0","1","","0.6501842916","0.4","0.8","0.6","0.2","0.7695343448","0.7954206102","0.6501842916","0.2265728871","","","","","","","","","","","","","","75","K","2","","","123","main_expt","",""
"","bandit","205","559831","0.0-165.0-0.0","13454008","wem/bandit_party_2","A18ILYDB04VEE9","either","4","280","","","","","","","0","1","0","","0.881213352","0.4","0.8","0.6","0.2","0.6154230174","0.881213352","0.5413703051","0.2027469411","","","","","","","","","","","","","","74","J","1","","","124","main_expt","",""
"","bandit","206","561977","0.0-166.0-0.0","13454008","wem/bandit_party_2","A18ILYDB04VEE9","either","4","634","","","","","","","1","0","0","0.5191338098","","0.4","0.8","0.6","0.2","","","","","0.4710930195","0.8598562332","0.5191338098","0.1506135949","","","","","","","","","","75","K","2","","","125","main_expt","",""
"","bandit","207","563831","0.0-167.0-0.0","13454008","wem/bandit_party_2","A18ILYDB04VEE9","either","4","337","","","","","","","1","0","0","0.867144728","","0.4","0.8","0.6","0.2","","","","","0.5258886302","0.867144728","0.6232591378","0.1875851228","","","","","","","","","","74","J","1","","","126","main_expt","",""
"","bandit","208","566054","0.0-168.0-0.0","13454008","wem/bandit_party_2","A18ILYDB04VEE9","either","4","711","","","","","","","1","0","0","0.8677917819","","0.4","0.8","0.6","0.2","","","","","0.3996486754","0.8677917819","0.601333273","0.2106184636","","","","","","","","","","74","J","1","","","127","main_expt","",""
"","bandit","209","567978","0.0-169.0-0.0","13454008","wem/bandit_party_2","A18ILYDB04VEE9","either","4","411","","","","","","","0","1","0","","0.8194058857","0.4","0.8","0.6","0.2","0.3557241191","0.8194058857","0.6312294041","0.1276240755","","","","","","","","","","","","","","74","J","1","","","128","main_expt","",""
"","bandit","210","569772","0.0-170.0-0.0","13454008","wem/bandit_party_2","A18ILYDB04VEE9","either","4","280","","","","","","","1","0","0","0.6655034733","","0.4","0.8","0.6","0.2","","","","","0.2432070908","0.813940224","0.6655034733","0.2163335705","","","","","","","","","","75","K","2","","","129","main_expt","",""
"","bandit","211","571423","0.0-171.0-0.0","13454008","wem/bandit_party_2","A18ILYDB04VEE9","either","4","140","","","","","","","1","0","0","0.6882303755","","0.4","0.8","0.6","0.2","","","","","0.1722843937","0.7296764962","0.6882303755","0.2448863899","","","","","","","","","","75","K","2","","","130","main_expt","",""
"","bandit","212","573542","0.0-172.0-0.0","13454008","wem/bandit_party_2","A18ILYDB04VEE9","either","4","610","","","","","","","1","0","0","0.6772884453","","0.4","0.8","0.6","0.2","","","","","0.1336027919","0.614258276","0.6772884453","0.3447645787","","","","","","","","","","75","K","2","","","131","main_expt","",""
"","bandit","213","576070","0.0-173.0-0.0","13454008","wem/bandit_party_2","A18ILYDB04VEE9","either","4","1014","","","","","","","0","0","1","","0.5349540706","0.4","0.8","0.6","0.2","0.1351629047","0.5349540706","0.6773684555","0.3622527956","","","","","","","","","","","","","","74","J","1","","","132","main_expt","",""
"","bandit","214","578687","0.0-174.0-0.0","13454008","wem/bandit_party_2","A18ILYDB04VEE9","either","4","1104","","","","","","","1","0","0","0.7437755928","","0.4","0.8","0.6","0.2","","","","","0.2495029","0.5449090787","0.7437755928","0.2961885878","","","","","","","","","","75","K","2","","","133","main_expt","",""
"","bandit","215","580855","0.0-175.0-0.0","13454008","wem/bandit_party_2","A18ILYDB04VEE9","either","4","652","","","","","","","0","0","1","0.7423545867","","0.4","0.8","0.6","0.2","","","","","0.2118512663","0.5037108559","0.7423545867","0.2932126781","","","","","","","","","","75","K","2","","","134","main_expt","",""
"","bandit","216","582649","0.0-176.0-0.0","13454008","wem/bandit_party_2","A18ILYDB04VEE9","either","4","278","","","","","","","0","0","1","0.5131336393","","0.4","0.8","0.6","0.2","","","","","0.2474577379","0.5131336393","0.7462440124","0.2836439675","","","","","","","","","","74","J","1","","","135","main_expt","",""
"","bandit","217","584539","0.0-177.0-0.0","13454008","wem/bandit_party_2","A18ILYDB04VEE9","either","4","373","","","","","","","0","0","1","0.5847952324","","0.4","0.8","0.6","0.2","","","","","0.1496333288","0.5847952324","0.6372772774","0.1985775905","","","","","","","","","","74","J","1","","","136","main_expt","",""
"","bandit","218","586497","0.0-178.0-0.0","13454008","wem/bandit_party_2","A18ILYDB04VEE9","either","4","444","","","","","","","0","1","0","","0.6587707878","0.4","0.8","0.6","0.2","0.164835495","0.5191620222","0.6587707878","0.2655975","","","","","","","","","","","","","","75","K","2","","","137","main_expt","",""
"","bandit","219","588327","0.0-179.0-0.0","13454008","wem/bandit_party_2","A18ILYDB04VEE9","either","4","317","","","","","","","0","0","1","0.3830682141","","0.4","0.8","0.6","0.2","","","","","0.1629561883","0.3830682141","0.6545472314","0.4066298912","","","","","","","","","","74","J","1","","","138","main_expt","",""
"","bandit","220","590216","0.0-180.0-0.0","13454008","wem/bandit_party_2","A18ILYDB04VEE9","either","4","378","","","","","","","0","1","0","","0.3036015776","0.4","0.8","0.6","0.2","0.1162724323","0.3036015776","0.5773899651","0.4537429859","","","","","","","","","","","","","","74","J","1","","","139","main_expt","",""
"","bandit","221","592039","0.0-181.0-0.0","13454008","wem/bandit_party_2","A18ILYDB04VEE9","either","4","309","","","","","","","0","1","0","","0.5786924042","0.4","0.8","0.6","0.2","0.1262651596","0.2541790234","0.5786924042","0.410026376","","","","","","","","","","","","","","75","K","2","","","140","main_expt","",""
"","bandit","222","593722","0.0-182.0-0.0","13454008","wem/bandit_party_2","A18ILYDB04VEE9","either","4","169","","","","","","","0","0","1","0.1899663758","","0.4","0.8","0.6","0.2","","","","","0.1258799353","0.1899663758","0.4589731036","0.3978668086","","","","","","","","","","74","J","1","","","141","main_expt","",""
"","bandit","223","595359","0.0-183.0-0.0","13454008","wem/bandit_party_2","A18ILYDB04VEE9","either","4","116","","","","","","","0","0","1","0.214868544","","0.4","0.8","0.6","0.2","","","","","0.1220135665","0.214868544","0.3667804619","0.4096738096","","","","","","","","","","74","J","1","","","142","main_expt","",""
"","bandit","224","597522","0.0-184.0-0.0","13454008","wem/bandit_party_2","A18ILYDB04VEE9","either","4","648","","","","","","","0","0","1","0.1549416237","","0.4","0.8","0.6","0.2","","","","","0.1600355681","0.1549416237","0.3563831379","0.5422751762","","","","","","","","","","74","J","1","","","143","main_expt","",""
"","bandit","225","599039","0.0-185.0-0.0","13454008","wem/bandit_party_2","A18ILYDB04VEE9","either","4","1","","","","","","","0","0","1","","0.3675361202","0.4","0.8","0.6","0.2","0.103653669","0.2142728447","0.3675361202","0.6045197677","","","","","","","","","","","","","","75","K","2","","","144","main_expt","",""
"","bandit","226","600662","0.0-186.0-0.0","13454008","wem/bandit_party_2","A18ILYDB04VEE9","either","4","114","","","","","","","0","0","1","0.2166472609","","0.4","0.8","0.6","0.2","","","","","0.1417267119","0.2166472609","0.3266856562","0.6140727406","","","","","","","","","","74","J","1","","","145","main_expt","",""
"","bandit","227","602199","0.0-187.0-0.0","13454008","wem/bandit_party_2","A18ILYDB04VEE9","either","4","24","","","","","","","0","1","0","","0.2815179259","0.4","0.8","0.6","0.2","0.1508894681","0.2446047688","0.2815179259","0.5553742365","","","","","","","","","","","","","","75","K","2","","","146","main_expt","",""
"","bandit","228","603872","0.0-188.0-0.0","13454008","wem/bandit_party_2","A18ILYDB04VEE9","either","4","162","","","","","","","0","0","1","0.3011136322","","0.4","0.8","0.6","0.2","","","","","0.1207147728","0.3011136322","0.3560244833","0.52787167","","","","","","","","","","74","J","1","","","147","main_expt","",""
"","bandit","229","606415","0.0-189.0-0.0","13454008","wem/bandit_party_2","A18ILYDB04VEE9","either","4","1032","","","","","","","0","0","1","","0.1362234148","0.4","0.8","0.6","0.2","0.1362234148","0.2519777133","0.3585854149","0.5053851794","","","","","","","","","","","","","","72","H","0","img/none_selected.jpg","","148","main_expt","",""
"","bandit","230","608168","0.0-190.0-0.0","13454008","wem/bandit_party_2","A18ILYDB04VEE9","either","4","238","","","","","","","0","1","0","","0.5431256022","0.4","0.8","0.6","0.2","0.1244444975","0.2996109941","0.284478414","0.5431256022","","","","","","","","","","","","","","76","L","3","","","149","main_expt","",""
"","bandit","231","609849","0.0-191.0-0.0","13454008","wem/bandit_party_2","A18ILYDB04VEE9","either","4","163","","","","","","","0","0","1","0.2963563975","","0.4","0.8","0.6","0.2","","","","","0.1109305632","0.2963563975","0.2617238314","0.422574086","","","","","","","","","","74","J","1","","","150","main_expt","",""
"","bandit","232","611754","0.0-192.0-0.0","13454008","wem/bandit_party_2","A18ILYDB04VEE9","either","4","389","","","","","","","1","0","0","0.4327396174","","0.4","0.8","0.6","0.2","","","","","0.11412436","0.4327396174","0.2709462114","0.3907227364","","","","","","","","","","74","J","1","","","151","main_expt","",""
"","bandit","233","613663","0.0-193.0-0.0","13454008","wem/bandit_party_2","A18ILYDB04VEE9","either","4","393","","","","","","","0","0","1","0.4303068123","","0.4","0.8","0.6","0.2","","","","","0.1469045903","0.4303068123","0.2993716907","0.5580814469","","","","","","","","","","74","J","1","","","152","main_expt","",""
"","bandit","234","615582","0.0-194.0-0.0","13454008","wem/bandit_party_2","A18ILYDB04VEE9","either","4","400","","","","","","","0","0","1","0.2733354782","","0.4","0.8","0.6","0.2","","","","","0.1633028487","0.455197397","0.2733354782","0.51223936","","","","","","","","","","75","K","2","","","153","main_expt","",""
"","bandit","235","617711","0.0-195.0-0.0","13454008","wem/bandit_party_2","A18ILYDB04VEE9","either","4","614","","","","","","","0","0","1","","0.6184454144","0.4","0.8","0.6","0.2","0.1340882311","0.6184454144","0.3264007987","0.4811601507","","","","","","","","","","","","","","74","J","1","","","154","main_expt","",""
"","bandit","236","619509","0.0-196.0-0.0","13454008","wem/bandit_party_2","A18ILYDB04VEE9","either","4","280","","","","","","","0","0","1","","0.204433578","0.4","0.8","0.6","0.2","0.1041462846","0.5833601464","0.204433578","0.575425417","","","","","","","","","","","","","","75","K","2","","","155","main_expt","",""
"","bandit","237","621301","0.0-197.0-0.0","13454008","wem/bandit_party_2","A18ILYDB04VEE9","either","4","261","","","","","","","1","0","0","0.646897734","","0.4","0.8","0.6","0.2","","","","","0.08564190031","0.646897734","0.07451572188","0.6109018817","","","","","","","","","","74","J","1","","","156","main_expt","",""
"","bandit","238","623084","0.0-198.0-0.0","13454008","wem/bandit_party_2","A18ILYDB04VEE9","either","4","269","","","","","","","1","0","0","0.6912470103","","0.4","0.8","0.6","0.2","","","","","0.06977116317","0.6912470103","0.1251686374","0.6812883852","","","","","","","","","","74","J","1","","","157","main_expt","",""
"","bandit","239","624974","0.0-199.0-0.0","13454008","wem/bandit_party_2","A18ILYDB04VEE9","either","4","371","","","","","","","1","0","0","0.7865398282","","0.4","0.8","0.6","0.2","","","","","0.1504927074","0.7865398282","0.1292052795","0.73777041","","","","","","","","","","74","J","1","","","158","main_expt","",""
"","bandit","240","626984","0.0-200.0-0.0","13454008","wem/bandit_party_2","A18ILYDB04VEE9","either","4","498","","","","","","","0","0","1","0.7220910122","","0.4","0.8","0.6","0.2","","","","","0.1429264201","0.7220910122","0.1200050714","0.8388849062","","","","","","","","","","74","J","1","","","159","main_expt","",""
"","bandit","241","628801","0.0-201.0-0.0","13454008","wem/bandit_party_2","A18ILYDB04VEE9","either","4","304","","","","","","","0","0","1","","0.1156014834","0.4","0.8","0.6","0.2","0.1832893837","0.710563805","0.1156014834","0.8006667519","","","","","","","","","","","","","","75","K","2","","","160","main_expt","",""
"","bandit","242","630600","0.0-202.0-0.0","13454008","wem/bandit_party_2","A18ILYDB04VEE9","either","4","288","","","","","","","0","0","1","0.6205281072","","0.4","0.8","0.6","0.2","","","","","0.2337310763","0.6205281072","0.1425751263","0.7406956812","","","","","","","","","","74","J","1","","","161","main_expt","",""
"","bandit","243","632889","0.0-203.0-0.0","13454008","wem/bandit_party_2","A18ILYDB04VEE9","either","4","777","","","","","","","0","1","0","","0.5246840185","0.4","0.8","0.6","0.2","0.2326198937","0.5246840185","0.2108345254","0.775259894","","","","","","","","","","","","","","74","J","1","","","162","main_expt","",""
"","bandit","244","634744","0.0-204.0-0.0","13454008","wem/bandit_party_2","A18ILYDB04VEE9","either","4","340","","","","","","","0","0","1","","0.1664621688","0.4","0.8","0.6","0.2","0.1584290897","0.569340372","0.1664621688","0.6539471222","","","","","","","","","","","","","","75","K","2","","","163","main_expt","",""
"","bandit","245","636583","0.0-205.0-0.0","13454008","wem/bandit_party_2","A18ILYDB04VEE9","either","4","329","","","","","","","1","0","0","0.5688323765","","0.4","0.8","0.6","0.2","","","","","0.1417900361","0.5688323765","0.1741279052","0.7914062868","","","","","","","","","","74","J","1","","","164","main_expt","",""
"","bandit","246","639858","0.0-206.0-0.0","13454008","wem/bandit_party_2","A18ILYDB04VEE9","either","4","1759","","","","","","","0","0","1","0.5195648955","","0.4","0.8","0.6","0.2","","","","","0.08849486786","0.5195648955","0.1891196979","0.8415061218","","","","","","","","","","74","J","1","","","165","main_expt","",""
"","bandit","247","641832","0.0-207.0-0.0","13454008","wem/bandit_party_2","A18ILYDB04VEE9","either","4","457","","","","","","","1","0","0","0.3016440744","","0.4","0.8","0.6","0.2","","","","","0.1010416226","0.536500984","0.3016440744","0.9084068317","","","","","","","","","","75","K","2","","","166","main_expt","",""
"","bandit","248","644265","0.0-208.0-0.0","13454008","wem/bandit_party_2","A18ILYDB04VEE9","either","4","921","","","","","","","0","0","1","0.3427468607","","0.4","0.8","0.6","0.2","","","","","0.1506776516","0.4243381616","0.3427468607","0.8857506799","","","","","","","","","","75","K","2","","","167","main_expt","",""
"","bandit","249","646193","0.0-209.0-0.0","13454008","wem/bandit_party_2","A18ILYDB04VEE9","either","4","415","","","","","","","1","0","0","0.4877327119","","0.4","0.8","0.6","0.2","","","","","0.2532220847","0.4877327119","0.3759001064","0.9247721234","","","","","","","","","","74","J","1","","","168","main_expt","",""
"","bandit","250","648455","0.0-210.0-0.0","13454008","wem/bandit_party_2","A18ILYDB04VEE9","either","4","746","","","","","","","1","0","0","0.5096331713","","0.4","0.8","0.6","0.2","","","","","0.2223654062","0.5096331713","0.3824832387","0.8870410368","","","","","","","","","","74","J","1","","","169","main_expt","",""
"","bandit","251","650821","0.0-211.0-0.0","13454008","wem/bandit_party_2","A18ILYDB04VEE9","either","4","850","","","","","","","0","0","1","0.6111595203","","0.4","0.8","0.6","0.2","","","","","0.2161840498","0.6111595203","0.3257043992","0.8782412079","","","","","","","","","","74","J","1","","","170","main_expt","",""
"","bandit","252","653220","0.0-212.0-0.0","13454008","wem/bandit_party_2","A18ILYDB04VEE9","either","4","885","","","","","","","1","0","0","0.5888321224","","0.4","0.8","0.6","0.2","","","","","0.1996440145","0.5888321224","0.2943589708","0.7978982074","","","","","","","","","","74","J","1","","","171","main_expt","",""
"","bandit","253","657297","0.0-213.0-0.0","13454008","wem/bandit_party_2","A18ILYDB04VEE9","either","4","2560","","","","","","","1","0","0","0.6295404033","","0.4","0.8","0.6","0.2","","","","","0.275753823","0.6295404033","0.4298537702","0.7896885826","","","","","","","","","","74","J","1","","","172","main_expt","",""
"","bandit","254","659160","0.0-214.0-0.0","13454008","wem/bandit_party_2","A18ILYDB04VEE9","either","4","351","","","","","","","0","0","1","0.5976712981","","0.4","0.8","0.6","0.2","","","","","0.2850946521","0.5976712981","0.4196262671","0.7771385218","","","","","","","","","","74","J","1","","","173","main_expt","",""
"","bandit","255","663520","0.0-215.0-0.0","13454008","wem/bandit_party_2","A18ILYDB04VEE9","either","4","2847","","","","","","","0","1","0","","0.5936331925","0.4","0.8","0.6","0.2","0.2836726952","0.5936331925","0.4056978145","0.8412209493","","","","","","","","","","","","","","74","J","1","","","174","main_expt","",""
"","bandit","256","665319","0.0-216.0-0.0","13454008","wem/bandit_party_2","A18ILYDB04VEE9","either","4","288","","","","","","","0","0","1","0.3323311207","","0.4","0.8","0.6","0.2","","","","","0.27413619","0.544145328","0.3323311207","0.8433491626","","","","","","","","","","75","K","2","","","175","main_expt","",""
"","bandit","257","667191","0.0-217.0-0.0","13454008","wem/bandit_party_2","A18ILYDB04VEE9","either","4","360","","","","","","","0","0","1","0.3584947592","","0.4","0.8","0.6","0.2","","","","","0.2369491767","0.3584947592","0.3087900888","0.778586436","","","","","","","","","","74","J","1","","","176","main_expt","",""
"","bandit","258","669088","0.0-218.0-0.0","13454008","wem/bandit_party_2","A18ILYDB04VEE9","either","4","382","","","","","","","0","0","1","","0.436171931","0.4","0.8","0.6","0.2","0.3440943848","0.436171931","0.3898613412","0.7488794252","","","","","","","","","","","","","","74","J","1","","","177","main_expt","",""
"","bandit","259","671041","0.0-219.0-0.0","13454008","wem/bandit_party_2","A18ILYDB04VEE9","either","4","439","","","","","","","1","0","0","0.5193680035","","0.4","0.8","0.6","0.2","","","","","0.3529135521","0.5193680035","0.5236321052","0.7738581751","","","","","","","","","","74","J","1","","","178","main_expt","",""
"","bandit","260","672983","0.0-220.0-0.0","13454008","wem/bandit_party_2","A18ILYDB04VEE9","either","4","431","","","","","","","0","0","1","0.3957798075","","0.4","0.8","0.6","0.2","","","","","0.3787243664","0.3957798075","0.2955080601","0.7527820287","","","","","","","","","","74","J","1","","","179","main_expt","",""
"","bandit","261","674800","0.0-221.0-0.0","13454008","wem/bandit_party_2","A18ILYDB04VEE9","either","4","304","","","","","","","0","0","1","","0.3174151272","0.4","0.8","0.6","0.2","0.3092677326","0.4249873197","0.3174151272","0.8022950929","","","","","","","","","","","","","","75","K","2","","","180","main_expt","",""
"","bandit","262","676561","0.0-222.0-0.0","13454008","wem/bandit_party_2","A18ILYDB04VEE9","either","4","248","","","","","","","1","0","0","0.4260342439","","0.4","0.8","0.6","0.2","","","","","0.3701559146","0.4260342439","0.3560995969","0.7505347306","","","","","","","","","","74","J","1","","","181","main_expt","",""
"","bandit","263","680279","0.0-223.0-0.0","13454008","wem/bandit_party_2","A18ILYDB04VEE9","either","4","2202","","","","","","","0","0","1","0.4305619521","","0.4","0.8","0.6","0.2","","","","","0.2672844749","0.4305619521","0.4649908644","0.603349844","","","","","","","","","","74","J","1","","","182","main_expt","",""
"","bandit","264","682112","0.0-224.0-0.0","13454008","wem/bandit_party_2","A18ILYDB04VEE9","either","4","320","","","","","","","0","1","0","","0.4588174784","0.4","0.8","0.6","0.2","0.3046315644","0.4638513582","0.4588174784","0.6464544124","","","","","","","","","","","","","","75","K","2","","","183","main_expt","",""
"","bandit","265","683960","0.0-225.0-0.0","13454008","wem/bandit_party_2","A18ILYDB04VEE9","either","4","334","","","","","","","1","0","0","0.5084330557","","0.4","0.8","0.6","0.2","","","","","0.3507685813","0.5084330557","0.509799977","0.6606024443","","","","","","","","","","74","J","1","","","184","main_expt","",""
"","bandit","266","685785","0.0-226.0-0.0","13454008","wem/bandit_party_2","A18ILYDB04VEE9","either","4","308","","","","","","","1","0","0","0.5853778332","","0.4","0.8","0.6","0.2","","","","","0.3250269766","0.5853778332","0.4557178443","0.7034535028","","","","","","","","","","74","J","1","","","185","main_expt","",""
"","bandit","267","687664","0.0-227.0-0.0","13454008","wem/bandit_party_2","A18ILYDB04VEE9","either","4","363","","","","","","","0","1","0","","0.5009207633","0.4","0.8","0.6","0.2","0.3636669497","0.5009207633","0.3250172706","0.7672503758","","","","","","","","","","","","","","74","J","1","","","186","main_expt","",""
"","bandit","268","689666","0.0-228.0-0.0","13454008","wem/bandit_party_2","A18ILYDB04VEE9","either","4","487","","","","","","","0","0","1","0.4376492532","","0.4","0.8","0.6","0.2","","","","","0.4095027401","0.4376492532","0.2982192525","0.7505037824","","","","","","","","","","74","J","1","","","187","main_expt","",""
"","bandit","269","691787","0.0-229.0-0.0","13454008","wem/bandit_party_2","A18ILYDB04VEE9","either","4","602","","","","","","","0","0","1","0.317868257","","0.4","0.8","0.6","0.2","","","","","0.3356624093","0.317868257","0.2647713636","0.7458261356","","","","","","","","","","74","J","1","","","188","main_expt","",""
"","bandit","270","693550","0.0-230.0-0.0","13454008","wem/bandit_party_2","A18ILYDB04VEE9","either","4","249","","","","","","","0","0","1","0.2798663258","","0.4","0.8","0.6","0.2","","","","","0.3717951419","0.3700786551","0.2798663258","0.747965221","","","","","","","","","","75","K","2","","","189","main_expt","",""
"","bandit","271","695382","0.0-231.0-0.0","13454008","wem/bandit_party_2","A18ILYDB04VEE9","either","4","318","","","","","","","1","0","0","0.3423477616","","0.4","0.8","0.6","0.2","","","","","0.3266606931","0.3423477616","0.2146362806","0.7459095382","","","","","","","","","","74","J","1","","","190","main_expt","",""
"","bandit","272","697538","0.0-232.0-0.0","13454008","wem/bandit_party_2","A18ILYDB04VEE9","either","4","642","","","","","","","1","0","0","0.2488230813","","0.4","0.8","0.6","0.2","","","","","0.4206899072","0.2488230813","0.3132783624","0.6299055833","","","","","","","","","","74","J","1","","","191","main_expt","",""
"","bandit","273","699489","0.0-233.0-0.0","13454008","wem/bandit_party_2","A18ILYDB04VEE9","either","4","435","","","","","","","0","0","1","0.2193108308","","0.4","0.8","0.6","0.2","","","","","0.4982817076","0.2193108308","0.2488083766","0.688533977","","","","","","","","","","74","J","1","","","192","main_expt","",""
"","bandit","274","701471","0.0-234.0-0.0","13454008","wem/bandit_party_2","A18ILYDB04VEE9","either","4","469","","","","","","","0","0","1","","0.225611763","0.4","0.8","0.6","0.2","0.4820211017","0.4057276106","0.225611763","0.7176496952","","","","","","","","","","","","","","75","K","2","","","193","main_expt","",""
"","bandit","275","703489","0.0-235.0-0.0","13454008","wem/bandit_party_2","A18ILYDB04VEE9","either","4","502","","","","","","","1","0","0","0.3826056333","","0.4","0.8","0.6","0.2","","","","","0.5373891537","0.3826056333","0.2159393038","0.746212457","","","","","","","","","","74","J","1","","","194","main_expt","",""
"","bandit","276","705328","0.0-236.0-0.0","13454008","wem/bandit_party_2","A18ILYDB04VEE9","either","4","326","","","","","","","0","0","1","0.4922935908","","0.4","0.8","0.6","0.2","","","","","0.3890275207","0.4922935908","0.3112228701","0.6800784202","","","","","","","","","","74","J","1","","","195","main_expt","",""
"","bandit","277","707144","0.0-237.0-0.0","13454008","wem/bandit_party_2","A18ILYDB04VEE9","either","4","300","","","","","","","0","0","1","","0.3249051539","0.4","0.8","0.6","0.2","0.4329462643","0.5475793877","0.3249051539","0.5986295964","","","","","","","","","","","","","","75","K","2","","","196","main_expt","",""
"","bandit","278","709138","0.0-238.0-0.0","13454008","wem/bandit_party_2","A18ILYDB04VEE9","either","4","480","","","","","","","1","0","0","0.6069385875","","0.4","0.8","0.6","0.2","","","","","0.416825946","0.6069385875","0.2985018541","0.5323622673","","","","","","","","","","74","J","1","","","197","main_expt","",""
"","bandit","279","710997","0.0-239.0-0.0","13454008","wem/bandit_party_2","A18ILYDB04VEE9","either","4","338","","","","","","","0","0","1","0.4946816555","","0.4","0.8","0.6","0.2","","","","","0.4063336836","0.4946816555","0.3109366799","0.5348043844","","","","","","","","","","74","J","1","","","198","main_expt","",""
"","bandit","280","712960","0.0-240.0-0.0","13454008","wem/bandit_party_2","A18ILYDB04VEE9","either","4","447","","","","","","","1","0","0","0.3143364341","","0.4","0.8","0.6","0.2","","","","","0.361264989","0.479635203","0.3143364341","0.4534403339","","","","","","","","","","75","K","2","","","199","main_expt","",""
"","bandit","281","714728","0.0-241.0-0.0","13454008","wem/bandit_party_2","A18ILYDB04VEE9","either","4","251","","","","","","","0","0","1","","0.3176919365","0.4","0.8","0.6","0.2","0.4700223374","0.4969837249","0.3176919365","0.4185876589","","","","","","","","","","","","","","75","K","2","","","200","main_expt","",""
"","bandit","282","716672","0.0-242.0-0.0","13454008","wem/bandit_party_2","A18ILYDB04VEE9","either","4","425","","","","","","","0","0","1","0.4548125401","","0.4","0.8","0.6","0.2","","","","","0.4751543938","0.4548125401","0.2848283651","0.3812211227","","","","","","","","","","74","J","1","","","201","main_expt","",""
"","bandit","283","718383","0.0-243.0-0.0","13454008","wem/bandit_party_2","A18ILYDB04VEE9","either","4","195","","","","","","","0","0","1","0.5767771981","","0.4","0.8","0.6","0.2","","","","","0.4044794657","0.5767771981","0.2439676923","0.4414728031","","","","","","","","","","74","J","1","","","202","main_expt","",""
"","bandit","284","720179","0.0-244.0-0.0","13454008","wem/bandit_party_2","A18ILYDB04VEE9","either","4","270","","","","","","","0","0","1","0.2582922662","","0.4","0.8","0.6","0.2","","","","","0.3321077444","0.6118171827","0.2582922662","0.3698030662","","","","","","","","","","75","K","2","","","203","main_expt","",""
"","bandit","285","721942","0.0-245.0-0.0","13454008","wem/bandit_party_2","A18ILYDB04VEE9","either","4","251","","","","","","","0","1","0","","0.5373194108","0.4","0.8","0.6","0.2","0.3697340749","0.5373194108","0.3799793739","0.4899087748","","","","","","","","","","","","","","74","J","1","","","204","main_expt","",""
"","bandit","286","724094","0.0-246.0-0.0","13454008","wem/bandit_party_2","A18ILYDB04VEE9","either","4","640","","","","","","","0","0","1","","0.5501461309","0.4","0.8","0.6","0.2","0.3998168993","0.5501461309","0.4441528059","0.4310108402","","","","","","","","","","","","","","74","J","1","","","205","main_expt","",""
"","bandit","287","726142","0.0-247.0-0.0","13454008","wem/bandit_party_2","A18ILYDB04VEE9","either","4","533","","","","","","","0","0","1","0.4468516792","","0.4","0.8","0.6","0.2","","","","","0.4929909192","0.5094027242","0.4468516792","0.3912115078","","","","","","","","","","75","K","2","","","206","main_expt","",""
"","bandit","288","727759","0.0-248.0-0.0","13454008","wem/bandit_party_2","A18ILYDB04VEE9","either","4","101","","","","","","","1","0","0","0.6449696869","","0.4","0.8","0.6","0.2","","","","","0.4960693894","0.6449696869","0.399366085","0.3195818707","","","","","","","","","","74","J","1","","","207","main_expt","",""
"","bandit","289","730218","0.0-249.0-0.0","13454008","wem/bandit_party_2","A18ILYDB04VEE9","either","4","945","","","","","","","0","0","1","","0.4206610772","0.4","0.8","0.6","0.2","0.3912862986","0.549996868","0.4206610772","0.2378171997","","","","","","","","","","","","","","75","K","2","","","208","main_expt","",""
"","bandit","290","735306","0.0-250.0-0.0","13454008","wem/bandit_party_2","A18ILYDB04VEE9","either","4","3574","","","","","","","1","0","0","0.5258833792","","0.4","0.8","0.6","0.2","","","","","0.4218938049","0.5258833792","0.5145499259","0.2339104391","","","","","","","","","","74","J","1","","","209","main_expt","",""
"","bandit","291","737145","0.0-251.0-0.0","13454008","wem/bandit_party_2","A18ILYDB04VEE9","either","4","316","","","","","","","1","0","0","0.5453980868","","0.4","0.8","0.6","0.2","","","","","0.6003160005","0.5453980868","0.3497539355","0.2506558306","","","","","","","","","","74","J","1","","","210","main_expt","",""
"","bandit","292","739161","0.0-252.0-0.0","13454008","wem/bandit_party_2","A18ILYDB04VEE9","either","4","501","","","","","","","1","0","0","0.5370950561","","0.4","0.8","0.6","0.2","","","","","0.5481562991","0.5370950561","0.3335821388","0.3466578502","","","","","","","","","","74","J","1","","","211","main_expt","",""
"","bandit","293","741299","0.0-253.0-0.0","13454008","wem/bandit_party_2","A18ILYDB04VEE9","either","4","623","","","","","","","0","0","1","0.5774996514","","0.4","0.8","0.6","0.2","","","","","0.6210595125","0.5774996514","0.2778022227","0.4162959965","","","","","","","","","","74","J","1","","","212","main_expt","",""
"","bandit","294","743310","0.0-254.0-0.0","13454008","wem/bandit_party_2","A18ILYDB04VEE9","either","4","481","","","","","","","1","0","0","0.4826056363","","0.4","0.8","0.6","0.2","","","","","0.7732161257","0.4826056363","0.2949104287","0.545788555","","","","","","","","","","74","J","1","","","213","main_expt","",""
"","bandit","295","745367","0.0-255.0-0.0","13454008","wem/bandit_party_2","A18ILYDB04VEE9","either","4","538","","","","","","","0","1","0","","0.4913277851","0.4","0.8","0.6","0.2","0.7689771773","0.4913277851","0.2443343027","0.6077749924","","","","","","","","","","","","","","74","J","1","","","214","main_expt","",""
"","bandit","296","747143","0.0-256.0-0.0","13454008","wem/bandit_party_2","A18ILYDB04VEE9","either","4","263","","","","","","","0","0","1","","0.2232989174","0.4","0.8","0.6","0.2","0.6841712945","0.5415006571","0.2232989174","0.4883429648","","","","","","","","","","","","","","75","K","2","","","215","main_expt","",""
"","bandit","297","751123","0.0-257.0-0.0","13454008","wem/bandit_party_2","A18ILYDB04VEE9","either","4","2465","","","","","","","0","0","1","0.5198015267","","0.4","0.8","0.6","0.2","","","","","0.7019934296","0.5198015267","0.2918619336","0.3309854328","","","","","","","","","","74","J","1","","","216","main_expt","",""
"","bandit","298","755225","0.0-258.0-0.0","13454008","wem/bandit_party_2","A18ILYDB04VEE9","either","4","2576","","","","","","","0","0","1","","0.545097872","0.4","0.8","0.6","0.2","0.7537099884","0.545097872","0.3571058798","0.3310528633","","","","","","","","","","","","","","74","J","1","","","217","main_expt","",""
"","bandit","299","757021","0.0-259.0-0.0","13454008","wem/bandit_party_2","A18ILYDB04VEE9","either","4","273","","","","","","","0","0","1","0.5776025334","","0.4","0.8","0.6","0.2","","","","","0.8428980993","0.5776025334","0.3738303097","0.4147218791","","","","","","","","","","74","J","1","","","218","main_expt","",""
"","bandit","300","758728","0.0-260.0-0.0","13454008","wem/bandit_party_2","A18ILYDB04VEE9","either","4","191","","","","","","","0","0","1","0.4832874948","","0.4","0.8","0.6","0.2","","","","","0.8007326434","0.5616346574","0.4832874948","0.3402104323","","","","","","","","","","75","K","2","","","219","main_expt","",""
"","bandit","301","760463","0.0-261.0-0.0","13454008","wem/bandit_party_2","A18ILYDB04VEE9","either","4","219","","","","","","","1","0","0","0.6261942659","","0.4","0.8","0.6","0.2","","","","","0.8518850648","0.6261942659","0.475455537","0.3448871422","","","","","","","","","","74","J","1","","","220","main_expt","",""
"","bandit","302","762273","0.0-262.0-0.0","13454008","wem/bandit_party_2","A18ILYDB04VEE9","either","4","293","","","","","","","1","0","0","0.6533416475","","0.4","0.8","0.6","0.2","","","","","0.8488451861","0.6533416475","0.3849790123","0.4438284365","","","","","","","","","","74","J","1","","","221","main_expt","",""
"","bandit","303","764137","0.0-263.0-0.0","13454008","wem/bandit_party_2","A18ILYDB04VEE9","either","4","342","","","","","","","0","0","1","0.6780524799","","0.4","0.8","0.6","0.2","","","","","0.8202185963","0.6780524799","0.2708628555","0.3768672835","","","","","","","","","","74","J","1","","","222","main_expt","",""
"","bandit","304","766184","0.0-264.0-0.0","13454008","wem/bandit_party_2","A18ILYDB04VEE9","either","4","529","","","","","","","1","0","0","0.638470603","","0.4","0.8","0.6","0.2","","","","","0.839196386","0.638470603","0.3886191555","0.4599748191","","","","","","","","","","74","J","1","","","223","main_expt","",""
"","bandit","305","767977","0.0-265.0-0.0","13454008","wem/bandit_party_2","A18ILYDB04VEE9","either","4","278","","","","","","","0","0","1","0.560582988","","0.4","0.8","0.6","0.2","","","","","0.8340435664","0.560582988","0.3352763987","0.5868274652","","","","","","","","","","74","J","1","","","224","main_expt","",""
"","bandit","306","769748","0.0-266.0-0.0","13454008","wem/bandit_party_2","A18ILYDB04VEE9","either","4","248","","","","","","","0","1","0","","0.3948846532","0.4","0.8","0.6","0.2","0.8229669419","0.5004803289","0.3948846532","0.510759767","","","","","","","","","","","","","","75","K","2","","","225","main_expt","",""
"","bandit","307","771602","0.0-267.0-0.0","13454008","wem/bandit_party_2","A18ILYDB04VEE9","either","4","339","","","","","","","0","0","1","","0.5109709899","0.4","0.8","0.6","0.2","0.8326575293","0.5109709899","0.385279681","0.6026028704","","","","","","","","","","","","","","74","J","1","","","226","main_expt","",""
"","bandit","308","773384","0.0-268.0-0.0","13454008","wem/bandit_party_2","A18ILYDB04VEE9","either","4","268","","","","","","","1","0","0","0.4271661703","","0.4","0.8","0.6","0.2","","","","","0.8904476858","0.4271661703","0.3296530349","0.588132951","","","","","","","","","","74","J","1","","","227","main_expt","",""
"","bandit","309","775800","0.0-269.0-0.0","13454008","wem/bandit_party_2","A18ILYDB04VEE9","either","4","891","","","","","","","0","0","1","","0.374673526","0.4","0.8","0.6","0.2","0.8877596604","0.374673526","0.4227788413","0.5754590721","","","","","","","","","","","","","","74","J","1","","","228","main_expt","",""
"","bandit","310","777645","0.0-270.0-0.0","13454008","wem/bandit_party_2","A18ILYDB04VEE9","either","4","325","","","","","","","0","1","0","","0.393435759","0.4","0.8","0.6","0.2","0.8647697669","0.393435759","0.4470353227","0.6311951266","","","","","","","","","","","","","","74","J","1","","","229","main_expt","",""
"","bandit","311","779433","0.0-271.0-0.0","13454008","wem/bandit_party_2","A18ILYDB04VEE9","either","4","274","","","","","","","0","0","1","0.2986819632","","0.4","0.8","0.6","0.2","","","","","0.8704214291","0.3299431778","0.2986819632","0.6164228117","","","","","","","","","","75","K","2","","","230","main_expt","",""
"","bandit","312","781272","0.0-272.0-0.0","13454008","wem/bandit_party_2","A18ILYDB04VEE9","either","4","324","","","","","","","0","0","1","0.3477061432","","0.4","0.8","0.6","0.2","","","","","0.8598686354","0.3477061432","0.4508866759","0.5943568022","","","","","","","","","","74","J","1","","","231","main_expt","",""
"","bandit","313","783098","0.0-273.0-0.0","13454008","wem/bandit_party_2","A18ILYDB04VEE9","either","4","310","","","","","","","1","0","0","0.5125968159","","0.4","0.8","0.6","0.2","","","","","0.7939027672","0.3430234075","0.5125968159","0.6032910051","","","","","","","","","","75","K","2","","","232","main_expt","",""
"","bandit","314","784888","0.0-274.0-0.0","13454008","wem/bandit_party_2","A18ILYDB04VEE9","either","4","272","","","","","","","0","0","1","0.6020802482","","0.4","0.8","0.6","0.2","","","","","0.7930400566","0.2812772396","0.6020802482","0.7225660168","","","","","","","","","","75","K","2","","","233","main_expt","",""
"","bandit","315","786688","0.0-275.0-0.0","13454008","wem/bandit_party_2","A18ILYDB04VEE9","either","4","285","","","","","","","1","0","0","0.2049555934","","0.4","0.8","0.6","0.2","","","","","0.7549101179","0.2049555934","0.5927943616","0.6718439238","","","","","","","","","","74","J","1","","","234","main_expt","",""
"","bandit","316","788610","0.0-276.0-0.0","13454008","wem/bandit_party_2","A18ILYDB04VEE9","either","4","406","","","","","","","0","0","1","0.144612338","","0.4","0.8","0.6","0.2","","","","","0.7654291135","0.144612338","0.5814417759","0.6025803433","","","","","","","","","","74","J","1","","","235","main_expt","",""
"","bandit","317","790807","0.0-277.0-0.0","13454008","wem/bandit_party_2","A18ILYDB04VEE9","either","4","684","","","","","","","0","0","1","","0.1509581517","0.4","0.8","0.6","0.2","0.6965918162","0.1509581517","0.6530024001","0.6170166349","","","","","","","","","","","","","","74","J","1","","","236","main_expt","",""
"","bandit","318","792727","0.0-278.0-0.0","13454008","wem/bandit_party_2","A18ILYDB04VEE9","either","4","406","","","","","","","0","1","0","","0.5861490443","0.4","0.8","0.6","0.2","0.8151927982","0.2267465707","0.5861490443","0.6426153702","","","","","","","","","","","","","","75","K","2","","","237","main_expt","",""
"","bandit","319","794528","0.0-279.0-0.0","13454008","wem/bandit_party_2","A18ILYDB04VEE9","either","4","282","","","","","","","0","0","1","0.1651127221","","0.4","0.8","0.6","0.2","","","","","0.7696745118","0.1651127221","0.6086881899","0.5421138037","","","","","","","","","","74","J","1","","","238","main_expt","",""
"","bandit","320","796552","0.0-280.0-0.0","13454008","wem/bandit_party_2","A18ILYDB04VEE9","either","4","505","","","","","","","0","0","1","0.1587945469","","0.4","0.8","0.6","0.2","","","","","0.7368178416","0.1587945469","0.6323362843","0.5534077834","","","","","","","","","","74","J","1","","","239","main_expt","",""
"","bandit","321","798393","0.0-281.0-0.0","13454008","wem/bandit_party_2","A18ILYDB04VEE9","either","4","320","","","","","","","1","0","0","0.5620837446","","0.4","0.8","0.6","0.2","","","","","0.6443792527","0.08644000702","0.5620837446","0.7267030345","","","","","","","","","","75","K","2","","","240","main_expt","",""
"","bandit","322","800503","0.0-282.0-0.0","13454008","wem/bandit_party_2","A18ILYDB04VEE9","either","4","597","","","","","","","0","0","1","0.06677296221","","0.4","0.8","0.6","0.2","","","","","0.6467572307","0.06677296221","0.5571148452","0.7211407476","","","","","","","","","","74","J","1","","","241","main_expt","",""
"","bandit","323","802127","0.0-283.0-0.0","13454008","wem/bandit_party_2","A18ILYDB04VEE9","either","4","106","","","","","","","0","0","1","0.4016720442","","0.4","0.8","0.6","0.2","","","","","0.6131120494","0.08066643837","0.4016720442","0.6764936995","","","","","","","","","","75","K","2","","","242","main_expt","",""
"","bandit","324","804464","0.0-284.0-0.0","13454008","wem/bandit_party_2","A18ILYDB04VEE9","either","4","823","","","","","","","0","1","0","","0.08086195374","0.4","0.8","0.6","0.2","0.7409975133","0.08086195374","0.5389796081","0.6677952341","","","","","","","","","","","","","","74","J","1","","","243","main_expt","",""
"","bandit","325","806641","0.0-285.0-0.0","13454008","wem/bandit_party_2","A18ILYDB04VEE9","either","4","661","","","","","","","1","0","0","0.5123058505","","0.4","0.8","0.6","0.2","","","","","0.6582216966","0.1496534925","0.5123058505","0.7284567303","","","","","","","","","","75","K","2","","","244","main_expt","",""
"","bandit","326","808423","0.0-286.0-0.0","13454008","wem/bandit_party_2","A18ILYDB04VEE9","either","4","268","","","","","","","0","0","1","0.1788819116","","0.4","0.8","0.6","0.2","","","","","0.7274682542","0.1788819116","0.434346282","0.7435316078","","","","","","","","","","74","J","1","","","245","main_expt","",""
"","bandit","327","809949","0.0-287.0-0.0","13454008","wem/bandit_party_2","A18ILYDB04VEE9","either","4","13","","","","","","","0","0","1","0.2147576294","","0.4","0.8","0.6","0.2","","","","","0.7675378805","0.2147576294","0.4080319695","0.7420547497","","","","","","","","","","74","J","1","","","246","main_expt","",""
"","bandit","328","812166","0.0-288.0-0.0","13454008","wem/bandit_party_2","A18ILYDB04VEE9","either","4","701","","","","","","","1","0","0","0.3362928402","","0.4","0.8","0.6","0.2","","","","","0.6929594867","0.3362928402","0.3954483373","0.7921199037","","","","","","","","","","74","J","1","","","247","main_expt","",""
"","bandit","329","813990","0.0-289.0-0.0","13454008","wem/bandit_party_2","A18ILYDB04VEE9","either","4","309","","","","","","","0","0","1","0.3521273756","","0.4","0.8","0.6","0.2","","","","","0.6389564766","0.4361149037","0.3521273756","0.7367915269","","","","","","","","","","75","K","2","","","248","main_expt","",""
"","bandit","330","816049","0.0-290.0-0.0","13454008","wem/bandit_party_2","A18ILYDB04VEE9","either","4","544","","","","","","","0","0","1","","0.4367918289","0.4","0.8","0.6","0.2","0.7239902994","0.4367918289","0.2748291556","0.7717614981","","","","","","","","","","","","","","74","J","1","","","249","main_expt","",""
"","bandit","331","817894","0.0-291.0-0.0","13454008","wem/bandit_party_2","A18ILYDB04VEE9","either","4","329","","","","","","","0","0","1","0.2374604645","","0.4","0.8","0.6","0.2","","","","","0.5977828841","0.3469346647","0.2374604645","0.8082778341","","","","","","","","","","75","K","2","","","250","main_expt","",""
"","bandit","332","819710","0.0-292.0-0.0","13454008","wem/bandit_party_2","A18ILYDB04VEE9","either","4","301","","","","","","","0","0","1","","0.2721916924","0.4","0.8","0.6","0.2","0.752548841","0.2721916924","0.2351794741","0.8108771255","","","","","","","","","","","","","","74","J","1","","","251","main_expt","",""
"","bandit","333","821663","0.0-293.0-0.0","13454008","wem/bandit_party_2","A18ILYDB04VEE9","either","4","436","","","","","","","0","0","1","0.2874637531","","0.4","0.8","0.6","0.2","","","","","0.7274187829","0.2874637531","0.1892829406","0.8067902515","","","","","","","","","","74","J","1","","","252","main_expt","",""
"","bandit","334","823456","0.0-294.0-0.0","13454008","wem/bandit_party_2","A18ILYDB04VEE9","either","4","278","","","","","","","0","0","1","","0.253934133","0.4","0.8","0.6","0.2","0.7176192258","0.2487467151","0.253934133","0.8153438488","","","","","","","","","","","","","","75","K","2","","","253","main_expt","",""
"","bandit","335","825054","0.0-295.0-0.0","13454008","wem/bandit_party_2","A18ILYDB04VEE9","either","4","83","","","","","","","0","0","1","","0.2159920826","0.4","0.8","0.6","0.2","0.7147691061","0.2159920826","0.320169913","0.7136239376","","","","","","","","","","","","","","74","J","1","","","254","main_expt","",""
"","bandit","336","827025","0.0-296.0-0.0","13454008","wem/bandit_party_2","A18ILYDB04VEE9","either","4","456","","","","","","","0","0","1","0.284496655","","0.4","0.8","0.6","0.2","","","","","0.6147097225","0.284496655","0.3122072276","0.7176177624","","","","","","","","","","74","J","1","","","255","main_expt","",""
"","bandit","337","828866","0.0-297.0-0.0","13454008","wem/bandit_party_2","A18ILYDB04VEE9","either","4","323","","","","","","","1","0","0","0.2377426241","","0.4","0.8","0.6","0.2","","","","","0.5964766286","0.2377426241","0.2162005494","0.7115819775","","","","","","","","","","74","J","1","","","256","main_expt","",""
"","bandit","338","830753","0.0-298.0-0.0","13454008","wem/bandit_party_2","A18ILYDB04VEE9","either","4","370","","","","","","","0","0","1","0.2762642912","","0.4","0.8","0.6","0.2","","","","","0.6880797038","0.2762642912","0.2758461573","0.7707855077","","","","","","","","","","74","J","1","","","257","main_expt","",""
"","bandit","339","832359","0.0-299.0-0.0","13454008","wem/bandit_party_2","A18ILYDB04VEE9","either","4","87","","","","","","","1","0","0","0.4113926082","","0.4","0.8","0.6","0.2","","","","","0.7987766913","0.2827359022","0.4113926082","0.7678800391","","","","","","","","","","75","K","2","","","258","main_expt","",""
"","bandit","340","834178","0.0-300.0-0.0","13454008","wem/bandit_party_2","A18ILYDB04VEE9","either","4","294","","","","","","","1","0","0","0.3230933829","","0.4","0.8","0.6","0.2","","","","","0.8180463968","0.2825238031","0.3230933829","0.7171330354","","","","","","","","","","75","K","2","","","259","main_expt","",""
"","bandit","341","836255","0.0-301.0-0.0","13454008","wem/bandit_party_2","A18ILYDB04VEE9","either","4","564","","","","","","","0","0","1","0.3393693986","","0.4","0.8","0.6","0.2","","","","","0.8412808128","0.4208168481","0.3393693986","0.7077534628","","","","","","","","","","75","K","2","","","260","main_expt","",""
"","bandit","342","837951","0.0-302.0-0.0","13454008","wem/bandit_party_2","A18ILYDB04VEE9","either","4","179","","","","","","","1","0","0","0.4523790576","","0.4","0.8","0.6","0.2","","","","","0.8711049296","0.4523790576","0.3550183426","0.6339321424","","","","","","","","","","74","J","1","","","261","main_expt","",""
"","bandit","343","839778","0.0-303.0-0.0","13454008","wem/bandit_party_2","A18ILYDB04VEE9","either","4","312","","","","","","","0","0","1","0.5264915165","","0.4","0.8","0.6","0.2","","","","","0.8393820377","0.5264915165","0.2628893965","0.6248649289","","","","","","","","","","74","J","1","","","262","main_expt","",""
"","bandit","344","841462","0.0-304.0-0.0","13454008","wem/bandit_party_2","A18ILYDB04VEE9","either","4","162","","","","","","","1","0","0","0.4306899859","","0.4","0.8","0.6","0.2","","","","","0.872366954","0.4573148538","0.4306899859","0.5910368458","","","","","","","","","","75","K","2","","","263","main_expt","",""
"","bandit","345","843391","0.0-305.0-0.0","13454008","wem/bandit_party_2","A18ILYDB04VEE9","either","4","413","","","","","","","1","0","0","0.5202153279","","0.4","0.8","0.6","0.2","","","","","0.7381816981","0.5202153279","0.4862406591","0.5005211202","","","","","","","","","","74","J","1","","","264","main_expt","",""
"","bandit","346","845392","0.0-306.0-0.0","13454008","wem/bandit_party_2","A18ILYDB04VEE9","either","4","483","","","","","","","0","0","1","0.5467697535","","0.4","0.8","0.6","0.2","","","","","0.8229117834","0.4650177018","0.5467697535","0.5110434072","","","","","","","","","","75","K","2","","","265","main_expt","",""
"","bandit","347","847320","0.0-307.0-0.0","13454008","wem/bandit_party_2","A18ILYDB04VEE9","either","4","410","","","","","","","1","0","0","0.4764577963","","0.4","0.8","0.6","0.2","","","","","0.8182113306","0.4764577963","0.4826603573","0.4616954415","","","","","","","","","","74","J","1","","","266","main_expt","",""
"","bandit","348","849151","0.0-308.0-0.0","13454008","wem/bandit_party_2","A18ILYDB04VEE9","either","4","317","","","","","","","0","0","1","0.5300941339","","0.4","0.8","0.6","0.2","","","","","0.8230142517","0.5300941339","0.4466329067","0.5002465555","","","","","","","","","","74","J","1","","","267","main_expt","",""
"","bandit","349","851059","0.0-309.0-0.0","13454008","wem/bandit_party_2","A18ILYDB04VEE9","either","4","378","","","","","","","0","0","1","","0.4049087972","0.4","0.8","0.6","0.2","0.7526665744","0.6311253055","0.4049087972","0.4749460702","","","","","","","","","","","","","","75","K","2","","","268","main_expt","",""
"","bandit","350","852984","0.0-310.0-0.0","13454008","wem/bandit_party_2","A18ILYDB04VEE9","either","4","410","","","","","","","0","1","0","","0.5154980454","0.4","0.8","0.6","0.2","0.659000812","0.5154980454","0.4367870668","0.3474794412","","","","","","","","","","","","","","74","J","1","","","269","main_expt","",""
"","bandit","351","854795","0.0-311.0-0.0","13454008","wem/bandit_party_2","A18ILYDB04VEE9","either","4","289","","","","","","","1","0","0","0.3901038943","","0.4","0.8","0.6","0.2","","","","","0.6485041262","0.5946147143","0.3901038943","0.3479486491","","","","","","","","","","75","K","2","","","270","main_expt","",""
"","bandit","352","856723","0.0-312.0-0.0","13454008","wem/bandit_party_2","A18ILYDB04VEE9","either","4","404","","","","","","","1","0","0","0.4053175843","","0.4","0.8","0.6","0.2","","","","","0.7084093841","0.4053175843","0.2943429581","0.2936561281","","","","","","","","","","74","J","1","","","271","main_expt","",""
"","bandit","353","858650","0.0-313.0-0.0","13454008","wem/bandit_party_2","A18ILYDB04VEE9","either","4","411","","","","","","","0","0","1","0.4226498936","","0.4","0.8","0.6","0.2","","","","","0.75524944","0.4226498936","0.2630451709","0.3418475723","","","","","","","","","","74","J","1","","","272","main_expt","",""
"","bandit","354","860461","0.0-314.0-0.0","13454008","wem/bandit_party_2","A18ILYDB04VEE9","either","4","288","","","","","","","1","0","0","0.2757681502","","0.4","0.8","0.6","0.2","","","","","0.8195996939","0.4340213725","0.2757681502","0.273874695","","","","","","","","","","75","K","2","","","273","main_expt","",""
"","bandit","355","862269","0.0-315.0-0.0","13454008","wem/bandit_party_2","A18ILYDB04VEE9","either","4","291","","","","","","","0","0","1","0.5355200427","","0.4","0.8","0.6","0.2","","","","","0.8380132968","0.5355200427","0.236658492","0.2298695945","","","","","","","","","","74","J","1","","","274","main_expt","",""
"","bandit","356","864092","0.0-316.0-0.0","13454008","wem/bandit_party_2","A18ILYDB04VEE9","either","4","306","","","","","","","0","0","1","0.5092517069","","0.4","0.8","0.6","0.2","","","","","0.893701677","0.5092517069","0.2552419846","0.2611030651","","","","","","","","","","74","J","1","","","275","main_expt","",""
"","bandit","357","865960","0.0-317.0-0.0","13454008","wem/bandit_party_2","A18ILYDB04VEE9","either","4","353","","","","","","","0","0","1","0.2478938498","","0.4","0.8","0.6","0.2","","","","","0.9148464411","0.4744109377","0.2478938498","0.2324351051","","","","","","","","","","75","K","2","","","276","main_expt","",""
"","bandit","358","867889","0.0-318.0-0.0","13454008","wem/bandit_party_2","A18ILYDB04VEE9","either","4","413","","","","","","","0","0","1","0.4063879175","","0.4","0.8","0.6","0.2","","","","","0.854598745","0.4063879175","0.1912633247","0.2669370864","","","","","","","","","","74","J","1","","","277","main_expt","",""
"","bandit","359","869722","0.0-319.0-0.0","13454008","wem/bandit_party_2","A18ILYDB04VEE9","either","4","311","","","","","","","1","0","0","0.3691087921","","0.4","0.8","0.6","0.2","","","","","0.8383114231","0.3691087921","0.1244972556","0.3389442497","","","","","","","","","","74","J","1","","","278","main_expt","",""
"","bandit","360","871602","0.0-320.0-0.0","13454008","wem/bandit_party_2","A18ILYDB04VEE9","either","4","360","","","","","","","0","0","1","0.3699963433","","0.4","0.8","0.6","0.2","","","","","0.8513318773","0.3699963433","0.1215480425","0.2545725575","","","","","","","","","","74","J","1","","","279","main_expt","",""
"","bandit","361","873401","0.0-321.0-0.0","13454008","wem/bandit_party_2","A18ILYDB04VEE9","either","4","276","","","","","","","0","0","1","0.1496895361","","0.4","0.8","0.6","0.2","","","","","0.8467838198","0.318351127","0.1496895361","0.314252192","","","","","","","","","","75","K","2","","","280","main_expt","",""
"","bandit","362","875170","0.0-322.0-0.0","13454008","wem/bandit_party_2","A18ILYDB04VEE9","either","4","251","","","","","","","0","1","0","","0.2253423011","0.4","0.8","0.6","0.2","0.799633746","0.2763935473","0.2253423011","0.3092178226","","","","","","","","","","","","","","75","K","2","","","281","main_expt","",""
"","bandit","363","877202","0.0-323.0-0.0","13454008","wem/bandit_party_2","A18ILYDB04VEE9","either","4","513","","","","","","","1","0","0","0.347853786","","0.4","0.8","0.6","0.2","","","","","0.8544832745","0.347853786","0.1734806078","0.4118270659","","","","","","","","","","74","J","1","","","282","main_expt","",""
"","bandit","364","878983","0.0-324.0-0.0","13454008","wem/bandit_party_2","A18ILYDB04VEE9","either","4","268","","","","","","","0","0","1","0.3502577412","","0.4","0.8","0.6","0.2","","","","","0.8195948849","0.3502577412","0.1700047574","0.3879441007","","","","","","","","","","74","J","1","","","283","main_expt","",""
"","bandit","365","880578","0.0-325.0-0.0","13454008","wem/bandit_party_2","A18ILYDB04VEE9","either","4","78","","","","","","","0","0","1","","0.2162428717","0.4","0.8","0.6","0.2","0.6751588917","0.3668688861","0.2162428717","0.4103874179","","","","","","","","","","","","","","75","K","2","","","284","main_expt","",""
"","bandit","366","882340","0.0-326.0-0.0","13454008","wem/bandit_party_2","A18ILYDB04VEE9","either","4","246","","","","","","","1","0","0","0.4127237957","","0.4","0.8","0.6","0.2","","","","","0.6600165662","0.4127237957","0.2250756866","0.3837111917","","","","","","","","","","74","J","1","","","285","main_expt","",""
"","bandit","367","884283","0.0-327.0-0.0","13454008","wem/bandit_party_2","A18ILYDB04VEE9","either","4","424","","","","","","","0","0","1","0.4394794495","","0.4","0.8","0.6","0.2","","","","","0.5371158953","0.4394794495","0.2254418956","0.3366424052","","","","","","","","","","74","J","1","","","286","main_expt","",""
"","bandit","368","885983","0.0-328.0-0.0","13454008","wem/bandit_party_2","A18ILYDB04VEE9","either","4","188","","","","","","","1","0","0","0.2851442816","","0.4","0.8","0.6","0.2","","","","","0.4993298633","0.4113000072","0.2851442816","0.2530945348","","","","","","","","","","75","K","2","","","287","main_expt","",""
"","bandit","369","887804","0.0-329.0-0.0","13454008","wem/bandit_party_2","A18ILYDB04VEE9","either","4","297","","","","","","","0","0","1","0.3659007","","0.4","0.8","0.6","0.2","","","","","0.4738308252","0.3659007","0.2568829574","0.3162071236","","","","","","","","","","74","J","1","","","288","main_expt","",""
"","bandit","370","889529","0.0-330.0-0.0","13454008","wem/bandit_party_2","A18ILYDB04VEE9","either","4","205","","","","","","","0","0","1","0.2835614349","","0.4","0.8","0.6","0.2","","","","","0.5321937346","0.2901455243","0.2835614349","0.350239248","","","","","","","","","","75","K","2","","","289","main_expt","",""
"","bandit","371","891233","0.0-331.0-0.0","13454008","wem/bandit_party_2","A18ILYDB04VEE9","either","4","189","","","","","","","0","0","1","0.3649282671","","0.4","0.8","0.6","0.2","","","","","0.6545937085","0.3649282671","0.2680438381","0.2769879519","","","","","","","","","","74","J","1","","","290","main_expt","",""
"","bandit","372","893031","0.0-332.0-0.0","13454008","wem/bandit_party_2","A18ILYDB04VEE9","either","4","278","","","","","","","0","0","1","","0.303638113","0.4","0.8","0.6","0.2","0.6863697639","0.4515070724","0.303638113","0.3391762238","","","","","","","","","","","","","","75","K","2","","","291","main_expt","",""
"","bandit","373","894826","0.0-333.0-0.0","13454008","wem/bandit_party_2","A18ILYDB04VEE9","either","4","279","","","","","","","0","0","1","0.3656869053","","0.4","0.8","0.6","0.2","","","","","0.6630403515","0.3439204917","0.3656869053","0.4264158629","","","","","","","","","","75","K","2","","","292","main_expt","",""
"","bandit","374","896394","0.0-334.0-0.0","13454008","wem/bandit_party_2","A18ILYDB04VEE9","either","4","50","","","","","","","1","0","0","0.2780931201","","0.4","0.8","0.6","0.2","","","","","0.6083035716","0.2780931201","0.3138487667","0.4340648549","","","","","","","","","","74","J","1","","","293","main_expt","",""
"","bandit","375","897993","0.0-335.0-0.0","13454008","wem/bandit_party_2","A18ILYDB04VEE9","either","4","81","","","","","","","0","1","0","","0.391958433","0.4","0.8","0.6","0.2","0.6318119396","0.391958433","0.3612864846","0.4805341885","","","","","","","","","","","","","","74","J","1","","","294","main_expt","",""
"","bandit","376","899824","0.0-336.0-0.0","13454008","wem/bandit_party_2","A18ILYDB04VEE9","either","4","312","","","","","","","0","0","1","0.2924354894","","0.4","0.8","0.6","0.2","","","","","0.6466149373","0.3770389866","0.2924354894","0.4226178734","","","","","","","","","","75","K","2","","","295","main_expt","",""
"","bandit","377","901497","0.0-337.0-0.0","13454008","wem/bandit_party_2","A18ILYDB04VEE9","either","4","150","","","","","","","0","1","0","","0.2954441384","0.4","0.8","0.6","0.2","0.6284643028","0.2954441384","0.3200117352","0.3170414782","","","","","","","","","","","","","","74","J","1","","","296","main_expt","",""
"","bandit","378","903040","0.0-338.0-0.0","13454008","wem/bandit_party_2","A18ILYDB04VEE9","either","4","27","","","","","","","1","0","0","0.3096139562","","0.4","0.8","0.6","0.2","","","","","0.5636414658","0.3613637452","0.3096139562","0.2796762345","","","","","","","","","","75","K","2","","","297","main_expt","",""
"","bandit","379","905345","0.0-339.0-0.0","13454008","wem/bandit_party_2","A18ILYDB04VEE9","either","4","789","","","","","","","1","0","0","0.3272328736","","0.4","0.8","0.6","0.2","","","","","0.4749394707","0.3738215111","0.3272328736","0.2091428302","","","","","","","","","","75","K","2","","","298","main_expt","",""
"","bandit","380","907731","0.0-340.0-0.0","13454008","wem/bandit_party_2","A18ILYDB04VEE9","either","4","867","","","","","","","1","0","0","0.3901275986","","0.4","0.8","0.6","0.2","","","","","0.5088364301","0.3901275986","0.3467755427","0.1465358991","","","","","","","","","","74","J","1","","","299","main_expt","",""
"","bandit","381","909575","0.0-341.0-0.0","13454008","wem/bandit_party_2","A18ILYDB04VEE9","either","4","324","","","","","","","0","0","1","0.3847294161","","0.4","0.8","0.6","0.2","","","","","0.4964465627","0.3847294161","0.4260594561","0.1601457776","","","","","","","","","","74","J","1","","","300","main_expt","",""
"","bandit","382","911375","0.0-342.0-0.0","13454008","wem/bandit_party_2","A18ILYDB04VEE9","either","4","283","","","","","","","0","0","1","","0.4833757227","0.4","0.8","0.6","0.2","0.5277239819","0.384238338","0.4833757227","0.1758372397","","","","","","","","","","","","","","75","K","2","","","301","main_expt","",""
"","bandit","383","913260","0.0-343.0-0.0","13454008","wem/bandit_party_2","A18ILYDB04VEE9","either","4","365","","","","","","","0","0","1","0.4235174086","","0.4","0.8","0.6","0.2","","","","","0.4970748835","0.4235174086","0.6161398241","0.1616451484","","","","","","","","","","74","J","1","","","302","main_expt","",""
"","bandit","384","915139","0.0-344.0-0.0","13454008","wem/bandit_party_2","A18ILYDB04VEE9","either","4","359","","","","","","","1","0","0","0.4273195465","","0.4","0.8","0.6","0.2","","","","","0.3827919174","0.4273195465","0.4672869994","0.2339400136","","","","","","","","","","74","J","1","","","303","main_expt","",""
"","bandit","385","916949","0.0-345.0-0.0","13454008","wem/bandit_party_2","A18ILYDB04VEE9","either","4","286","","","","","","","0","1","0","","0.4879672962","0.4","0.8","0.6","0.2","0.3796698195","0.4879672962","0.5069906512","0.2428741877","","","","","","","","","","","","","","74","J","1","","","304","main_expt","",""
"","bandit","386","918713","0.0-346.0-0.0","13454008","wem/bandit_party_2","A18ILYDB04VEE9","either","4","248","","","","","","","1","0","0","0.4509195414","","0.4","0.8","0.6","0.2","","","","","0.3133230683","0.579470012","0.4509195414","0.313546471","","","","","","","","","","75","K","2","","","305","main_expt","",""
"","bandit","387","920392","0.0-347.0-0.0","13454008","wem/bandit_party_2","A18ILYDB04VEE9","either","4","160","","","","","","","1","0","0","0.4912134213","","0.4","0.8","0.6","0.2","","","","","0.2324838162","0.5262213308","0.4912134213","0.3595082675","","","","","","","","","","75","K","2","","","306","main_expt","",""
"","bandit","388","922204","0.0-348.0-0.0","13454008","wem/bandit_party_2","A18ILYDB04VEE9","either","4","290","","","","","","","0","0","1","0.3371661509","","0.4","0.8","0.6","0.2","","","","","0.2381664867","0.5221182787","0.3371661509","0.4485144583","","","","","","","","","","75","K","2","","","307","main_expt","",""
"","bandit","389","924019","0.0-349.0-0.0","13454008","wem/bandit_party_2","A18ILYDB04VEE9","either","4","284","","","","","","","0","1","0","","0.4691384927","0.4","0.8","0.6","0.2","0.1696231264","0.4691384927","0.3931148433","0.4885565316","","","","","","","","","","","","","","74","J","1","","","308","main_expt","",""
"","bandit","390","926548","0.0-350.0-0.0","13454008","wem/bandit_party_2","A18ILYDB04VEE9","either","4","1009","","","","","","","1","0","0","0.3855141997","","0.4","0.8","0.6","0.2","","","","","0.1045702581","0.5835521371","0.3855141997","0.3641657919","","","","","","","","","","75","K","2","","","309","main_expt","",""
"","bandit","391","928464","0.0-351.0-0.0","13454008","wem/bandit_party_2","A18ILYDB04VEE9","either","4","400","","","","","","","0","1","0","","0.4018087834","0.4","0.8","0.6","0.2","0.1090720946","0.5772209233","0.4018087834","0.3795908331","","","","","","","","","","","","","","75","K","2","","","310","main_expt","",""
"","bandit","392","930424","0.0-352.0-0.0","13454008","wem/bandit_party_2","A18ILYDB04VEE9","either","4","443","","","","","","","0","1","0","","0.6118197592","0.4","0.8","0.6","0.2","0.1206074523","0.6118197592","0.4812602967","0.236670118","","","","","","","","","","","","","","74","J","1","","","311","main_expt","",""
"","bandit","393","932161","0.0-353.0-0.0","13454008","wem/bandit_party_2","A18ILYDB04VEE9","either","4","222","","","","","","","1","0","0","0.5024193906","","0.4","0.8","0.6","0.2","","","","","0.1325234141","0.671166371","0.5024193906","0.2520379161","","","","","","","","","","75","K","2","","","312","main_expt","",""
"","bandit","394","934333","0.0-354.0-0.0","13454008","wem/bandit_party_2","A18ILYDB04VEE9","either","4","655","","","","","","","1","0","0","0.5729599421","","0.4","0.8","0.6","0.2","","","","","0.1190612214","0.5729599421","0.4510646174","0.2241463713","","","","","","","","","","74","J","1","","","313","main_expt","",""
"","bandit","395","936122","0.0-355.0-0.0","13454008","wem/bandit_party_2","A18ILYDB04VEE9","either","4","267","","","","","","","0","0","1","0.5777360014","","0.4","0.8","0.6","0.2","","","","","0.154718399","0.5777360014","0.4289839846","0.1815668958","","","","","","","","","","74","J","1","","","314","main_expt","",""
"","bandit","396","937904","0.0-356.0-0.0","13454008","wem/bandit_party_2","A18ILYDB04VEE9","either","4","263","","","","","","","0","0","1","0.4481857589","","0.4","0.8","0.6","0.2","","","","","0.1162605022","0.5062519149","0.4481857589","0.1896281592","","","","","","","","","","75","K","2","","","315","main_expt","",""
"","bandit","397","939834","0.0-357.0-0.0","13454008","wem/bandit_party_2","A18ILYDB04VEE9","either","4","410","","","","","","","0","0","1","0.5714075569","","0.4","0.8","0.6","0.2","","","","","0.1842590747","0.5714075569","0.4833292304","0.2071739727","","","","","","","","","","74","J","1","","","316","main_expt","",""
"","bandit","398","941531","0.0-358.0-0.0","13454008","wem/bandit_party_2","A18ILYDB04VEE9","either","4","176","","","","","","","0","0","1","","0.5656829833","0.4","0.8","0.6","0.2","0.1787479114","0.6583567165","0.5656829833","0.2919697857","","","","","","","","","","","","","","75","K","2","","","317","main_expt","",""
"","bandit","399","943415","0.0-359.0-0.0","13454008","wem/bandit_party_2","A18ILYDB04VEE9","either","4","367","","","","","","","1","0","0","0.6759996575","","0.4","0.8","0.6","0.2","","","","","0.1811449281","0.6759996575","0.5775055276","0.2756489313","","","","","","","","","","74","J","1","","","318","main_expt","",""
"","bandit","400","945241","0.0-360.0-0.0","13454008","wem/bandit_party_2","A18ILYDB04VEE9","either","4","305","","","","","","","1","0","0","0.6616237583","","0.4","0.8","0.6","0.2","","","","","0.2707230456","0.6616237583","0.628555556","0.3271666206","","","","","","","","","","74","J","1","","","319","main_expt","",""
"","bandit","401","947035","0.0-361.0-0.0","13454008","wem/bandit_party_2","A18ILYDB04VEE9","either","4","271","","","","","","","1","0","0","0.5985056238","","0.4","0.8","0.6","0.2","","","","","0.3152693342","0.5985056238","0.6355768972","0.3323906957","","","","","","","","","","74","J","1","","","320","main_expt","",""
"","bandit","402","948938","0.0-362.0-0.0","13454008","wem/bandit_party_2","A18ILYDB04VEE9","either","4","384","","","","","","","1","0","0","0.5898939604","","0.4","0.8","0.6","0.2","","","","","0.32701887","0.5898939604","0.6082260291","0.3724321389","","","","","","","","","","74","J","1","","","321","main_expt","",""
"","bandit","403","951260","0.0-363.0-0.0","13454008","wem/bandit_party_2","A18ILYDB04VEE9","either","4","803","","","","","","","0","0","1","0.5163690784","","0.4","0.8","0.6","0.2","","","","","0.2730190551","0.5163690784","0.4960893307","0.3688499724","","","","","","","","","","74","J","1","","","322","main_expt","",""
"","bandit","404","956785","0.0-364.0-0.0","13454008","wem/bandit_party_2","A18ILYDB04VEE9","either","4","4008","","","","","","","0","1","0","","0.4312504803","0.4","0.8","0.6","0.2","0.3219674598","0.4312504803","0.4538341514","0.4414865312","","","","","","","","","","","","","","74","J","1","","","323","main_expt","",""
"","bandit","405","958600","0.0-365.0-0.0","13454008","wem/bandit_party_2","A18ILYDB04VEE9","either","4","298","","","","","","","0","0","1","0.5503259331","","0.4","0.8","0.6","0.2","","","","","0.5135657516","0.4724649027","0.5503259331","0.4151463445","","","","","","","","","","75","K","2","","","324","main_expt","",""
"","bandit","406","960392","0.0-366.0-0.0","13454008","wem/bandit_party_2","A18ILYDB04VEE9","either","4","271","","","","","","","1","0","0","0.4706799801","","0.4","0.8","0.6","0.2","","","","","0.539367039","0.4706799801","0.4792186409","0.3226047293","","","","","","","","","","74","J","1","","","325","main_expt","",""
"","bandit","407","962479","0.0-367.0-0.0","13454008","wem/bandit_party_2","A18ILYDB04VEE9","either","4","562","","","","","","","0","1","0","","0.446857024","0.4","0.8","0.6","0.2","0.4854887911","0.446857024","0.5060650985","0.2689595345","","","","","","","","","","","","","","74","J","1","","","326","main_expt","",""
"","bandit","408","964258","0.0-368.0-0.0","13454008","wem/bandit_party_2","A18ILYDB04VEE9","either","4","255","","","","","","","0","1","0","","0.4739688486","0.4","0.8","0.6","0.2","0.5275769534","0.2894513148","0.4739688486","0.3181002653","","","","","","","","","","","","","","75","K","2","","","327","main_expt","",""
"","bandit","409","965802","0.0-369.0-0.0","13454008","wem/bandit_party_2","A18ILYDB04VEE9","either","4","28","","","","","","","0","0","1","0.2666870272","","0.4","0.8","0.6","0.2","","","","","0.5164606149","0.2666870272","0.4914141559","0.3239180541","","","","","","","","","","74","J","1","","","328","main_expt","",""
"","bandit","410","967444","0.0-370.0-0.0","13454008","wem/bandit_party_2","A18ILYDB04VEE9","either","4","123","","","","","","","0","0","1","0.2571324226","","0.4","0.8","0.6","0.2","","","","","0.5390834251","0.2571324226","0.5525353389","0.3857803914","","","","","","","","","","74","J","1","","","329","main_expt","",""
"","bandit","411","968977","0.0-371.0-0.0","13454008","wem/bandit_party_2","A18ILYDB04VEE9","either","4","16","","","","","","","1","0","0","0.5887435437","","0.4","0.8","0.6","0.2","","","","","0.5302539001","0.1999954291","0.5887435437","0.3594619641","","","","","","","","","","75","K","2","","","330","main_expt","",""
"","bandit","412","970786","0.0-372.0-0.0","13454008","wem/bandit_party_2","A18ILYDB04VEE9","either","4","292","","","","","","","1","0","0","0.2275964926","","0.4","0.8","0.6","0.2","","","","","0.532887797","0.2275964926","0.6172600813","0.395163997","","","","","","","","","","74","J","1","","","331","main_expt","",""
"","bandit","413","972544","0.0-373.0-0.0","13454008","wem/bandit_party_2","A18ILYDB04VEE9","either","4","242","","","","","","","0","0","1","","0.2131922987","0.4","0.8","0.6","0.2","0.4478748337","0.2131922987","0.621058047","0.3804254055","","","","","","","","","","","","","","74","J","1","","","332","main_expt","",""
"","bandit","414","974351","0.0-374.0-0.0","13454008","wem/bandit_party_2","A18ILYDB04VEE9","either","4","293","","","","","","","0","0","1","0.1164348772","","0.4","0.8","0.6","0.2","","","","","0.3664106186","0.1164348772","0.5335235553","0.349284434","","","","","","","","","","74","J","1","","","333","main_expt","",""
"","bandit","415","975967","0.0-375.0-0.0","13454008","wem/bandit_party_2","A18ILYDB04VEE9","either","4","102","","","","","","","0","1","0","","0.533240995","0.4","0.8","0.6","0.2","0.4237094641","0.1960445937","0.533240995","0.3598886382","","","","","","","","","","","","","","75","K","2","","","334","main_expt","",""
"","bandit","416","977783","0.0-376.0-0.0","13454008","wem/bandit_party_2","A18ILYDB04VEE9","either","4","299","","","","","","","0","0","1","0.118204496","","0.4","0.8","0.6","0.2","","","","","0.4168411157","0.118204496","0.4299693564","0.3249034298","","","","","","","","","","74","J","1","","","335","main_expt","",""
"","bandit","417","979528","0.0-377.0-0.0","13454008","wem/bandit_party_2","A18ILYDB04VEE9","either","4","222","","","","","","","0","0","1","0.1377081794","","0.4","0.8","0.6","0.2","","","","","0.4072506969","0.1377081794","0.495308311","0.3589372372","","","","","","","","","","74","J","1","","","336","main_expt","",""
"","bandit","418","981835","0.0-378.0-0.0","13454008","wem/bandit_party_2","A18ILYDB04VEE9","either","4","788","","","","","","","1","0","0","0.5274623693","","0.4","0.8","0.6","0.2","","","","","0.289293638","0.1466114505","0.5274623693","0.384500108","","","","","","","","","","75","K","2","","","337","main_expt","",""
"","bandit","419","983784","0.0-379.0-0.0","13454008","wem/bandit_party_2","A18ILYDB04VEE9","either","4","432","","","","","","","0","0","1","0.2099302433","","0.4","0.8","0.6","0.2","","","","","0.3309374783","0.2099302433","0.5804185722","0.3491736235","","","","","","","","","","74","J","1","","","338","main_expt","",""
"","bandit","420","985752","0.0-380.0-0.0","13454008","wem/bandit_party_2","A18ILYDB04VEE9","either","4","451","","","","","","","0","0","1","0.2738941562","","0.4","0.8","0.6","0.2","","","","","0.3185533176","0.2738941562","0.665617514","0.3765404525","","","","","","","","","","74","J","1","","","339","main_expt","",""
"","bandit","421","987721","0.0-381.0-0.0","13454008","wem/bandit_party_2","A18ILYDB04VEE9","either","4","453","","","","","","","1","0","0","0.3459464128","","0.4","0.8","0.6","0.2","","","","","0.3446115184","0.3459464128","0.747109202","0.3126929425","","","","","","","","","","74","J","1","","","340","main_expt","",""
"","bandit","422","989577","0.0-382.0-0.0","13454008","wem/bandit_party_2","A18ILYDB04VEE9","either","4","330","","","","","","","0","0","1","","0.7680501001","0.4","0.8","0.6","0.2","0.3980606577","0.4296647423","0.7680501001","0.4258749004","","","","","","","","","","","","","","75","K","2","","","341","main_expt","",""
"","bandit","423","991384","0.0-383.0-0.0","13454008","wem/bandit_party_2","A18ILYDB04VEE9","either","4","288","","","","","","","0","1","0","","0.4487655503","0.4","0.8","0.6","0.2","0.3193031583","0.4487655503","0.7286100301","0.3580736753","","","","","","","","","","","","","","74","J","1","","","342","main_expt","",""
"","bandit","424","993377","0.0-384.0-0.0","13454008","wem/bandit_party_2","A18ILYDB04VEE9","either","4","474","","","","","","","0","1","0","","0.7521470806","0.4","0.8","0.6","0.2","0.3572521397","0.4876239733","0.7521470806","0.2865131393","","","","","","","","","","","","","","75","K","2","","","343","main_expt","",""
"","bandit","425","995592","0.0-385.0-0.0","13454008","wem/bandit_party_2","A18ILYDB04VEE9","either","4","701","","","","","","","1","0","0","0.3880307543","","0.4","0.8","0.6","0.2","","","","","0.3998254935","0.3880307543","0.7600608128","0.2803707558","","","","","","","","","","74","J","1","","","344","main_expt","",""
"","bandit","426","997678","0.0-386.0-0.0","13454008","wem/bandit_party_2","A18ILYDB04VEE9","either","4","572","","","","","","","0","0","1","0.3162351809","","0.4","0.8","0.6","0.2","","","","","0.3412950414","0.3162351809","0.7475640835","0.3582703014","","","","","","","","","","74","J","1","","","345","main_expt","",""
"","bandit","427","999607","0.0-387.0-0.0","13454008","wem/bandit_party_2","A18ILYDB04VEE9","either","4","413","","","","","","","0","1","0","","0.8323042346","0.4","0.8","0.6","0.2","0.3027593418","0.3105243941","0.8323042346","0.3287618808","","","","","","","","","","","","","","75","K","2","","","346","main_expt","",""
"","bandit","428","1001377","0.0-388.0-0.0","13454008","wem/bandit_party_2","A18ILYDB04VEE9","either","4","249","","","","","","","0","0","1","","0.2774448261","0.4","0.8","0.6","0.2","0.4572427214","0.2774448261","0.7944061349","0.3051750476","","","","","","","","","","","","","","74","J","1","","","347","main_expt","",""
"","bandit","429","1003347","0.0-389.0-0.0","13454008","wem/bandit_party_2","A18ILYDB04VEE9","either","4","435","","","","","","","0","1","0","","0.7734647359","0.4","0.8","0.6","0.2","0.3912590946","0.172040376","0.7734647359","0.34266745","","","","","","","","","","","","","","75","K","2","","","348","main_expt","",""
"","bandit","430","1005145","0.0-390.0-0.0","13454008","wem/bandit_party_2","A18ILYDB04VEE9","either","4","280","","","","","","","0","0","1","0.09502375945","","0.4","0.8","0.6","0.2","","","","","0.4137277774","0.09502375945","0.7516067384","0.3097436398","","","","","","","","","","74","J","1","","","349","main_expt","",""
"","bandit","431","1007031","0.0-391.0-0.0","13454008","wem/bandit_party_2","A18ILYDB04VEE9","either","4","370","","","","","","","0","0","1","","0.684004489","0.4","0.8","0.6","0.2","0.424152033","0.1758291639","0.684004489","0.3032962215","","","","","","","","","","","","","","75","K","2","","","350","main_expt","",""
"","bandit","432","1008852","0.0-392.0-0.0","13454008","wem/bandit_party_2","A18ILYDB04VEE9","either","4","309","","","","","","","0","0","1","0.2163309777","","0.4","0.8","0.6","0.2","","","","","0.4450114082","0.2163309777","0.7893673628","0.3462393838","","","","","","","","","","74","J","1","","","351","main_expt","",""
"","bandit","433","1010767","0.0-393.0-0.0","13454008","wem/bandit_party_2","A18ILYDB04VEE9","either","4","397","","","","","","","0","0","1","0.1838473964","","0.4","0.8","0.6","0.2","","","","","0.4244589541","0.1838473964","0.8248290386","0.359955065","","","","","","","","","","74","J","1","","","352","main_expt","",""
"","bandit","434","1012323","0.0-394.0-0.0","13454008","wem/bandit_party_2","A18ILYDB04VEE9","either","4","30","","","","","","","0","0","1","0.848876177","","0.4","0.8","0.6","0.2","","","","","0.5304742754","0.1652987686","0.848876177","0.3339981001","","","","","","","","","","75","K","2","","","353","main_expt","",""
"","bandit","435","1014017","0.0-395.0-0.0","13454008","wem/bandit_party_2","A18ILYDB04VEE9","either","4","169","","","","","","","0","0","1","0.1997298584","","0.4","0.8","0.6","0.2","","","","","0.5281252603","0.1997298584","0.7072757862","0.3759062269","","","","","","","","","","74","J","1","","","354","main_expt","",""
"","bandit","436","1015760","0.0-396.0-0.0","13454008","wem/bandit_party_2","A18ILYDB04VEE9","either","4","220","","","","","","","1","0","0","0.687446134","","0.4","0.8","0.6","0.2","","","","","0.5083754239","0.2207293305","0.687446134","0.2744416198","","","","","","","","","","75","K","2","","","355","main_expt","",""
"","bandit","437","1017611","0.0-397.0-0.0","13454008","wem/bandit_party_2","A18ILYDB04VEE9","either","4","331","","","","","","","0","0","1","0.2226630578","","0.4","0.8","0.6","0.2","","","","","0.4472778728","0.2226630578","0.7324230168","0.4216230232","","","","","","","","","","74","J","1","","","356","main_expt","",""
"","bandit","438","1019721","0.0-398.0-0.0","13454008","wem/bandit_party_2","A18ILYDB04VEE9","either","4","595","","","","","","","1","0","0","0.6344185898","","0.4","0.8","0.6","0.2","","","","","0.4965667007","0.1806637971","0.6344185898","0.4528458604","","","","","","","","","","75","K","2","","","357","main_expt","",""
"","bandit","439","1021591","0.0-399.0-0.0","13454008","wem/bandit_party_2","A18ILYDB04VEE9","either","4","356","","","","","","","0","0","1","0.2455014585","","0.4","0.8","0.6","0.2","","","","","0.5090049504","0.2455014585","0.6814290363","0.4219012272","","","","","","","","","","74","J","1","","","358","main_expt","",""
"","bandit","440","1023463","0.0-400.0-0.0","13454008","wem/bandit_party_2","A18ILYDB04VEE9","either","4","356","","","","","","","1","0","0","0.6910191632","","0.4","0.8","0.6","0.2","","","","","0.5606355044","0.1843889032","0.6910191632","0.3369013939","","","","","","","","","","75","K","2","","","359","main_expt","",""
"","bandit","441","1025494","0.0-401.0-0.0","13454008","wem/bandit_party_2","A18ILYDB04VEE9","either","4","513","","","","","","","0","0","1","","0.1364104775","0.4","0.8","0.6","0.2","0.6257920947","0.1364104775","0.7517351609","0.3340060985","","","","","","","","","","","","","","74","J","1","","","360","main_expt","",""
"","identification","442","1031451","0.0-402.0-0.0","13454008","wem/bandit_party_2","A18ILYDB04VEE9","either","4","5935","","","","6","6","6","","","","","","","","","","","","","","","","","","","","","","","","post","identification_post","the Democratic Party","","","","","","","","",""
"","identification","443","1035851","0.0-402.0-1.0","13454008","wem/bandit_party_2","A18ILYDB04VEE9","either","4","3376","","","","0","0","0","","","","","","","","","","","","","","","","","","","","","","","","post","identification_post","the Republican Party","","","","","","","","",""
"","survey-text-sam","444","1049589","0.0-403.0","13454008","wem/bandit_party_2","A18ILYDB04VEE9","either","4","12721","{""Q0"":""24"",""Q1"":""black"",""Q2"":""female""}","","","","","","","","","","","","","","","","","","","","","","","24","black","female","female","24","black","","","","","","","","","","","",""
