"rt","responses","trial_type","trial_index","time_elapsed","internal_node_id","subjID","study","MID","cond","drift","key_press","respCharCode","respKey","respChoiceNum","respChoice","gems","bombs","no_reward","GemPrChosen","BombPrChosen","practice","trial_counter","WinPr_0","LosePr_0","trial_label","WinPr_1","LosePr_1","WinPr_2","LosePr_2","WinPr_3","LosePr_3","Q0","Q1","Q2","gender","age","ethnicity"
"28032","{""Q0"":""A1689SP9SJBJDA""}","survey-text","0","28041","0.0-0.0","47416492","wem/bandit_single","A1689SP9SJBJDA","gain","6","","","","","","","","","","","","","","","","","","","","","","","","","","",""
"2117","","text","1","31163","0.0-1.0","47416492","wem/bandit_single","A1689SP9SJBJDA","gain","6","32","","","","","","","","","","","","","","","","","","","","","","","","","",""
"5615","","text","2","36780","0.0-2.0","47416492","wem/bandit_single","A1689SP9SJBJDA","gain","6","32","","","","","","","","","","","","","","","","","","","","","","","","","",""
"23317","","text","3","60099","0.0-3.0","47416492","wem/bandit_single","A1689SP9SJBJDA","gain","6","32","","","","","","","","","","","","","","","","","","","","","","","","","",""
"114316","","text","4","174417","0.0-4.0","47416492","wem/bandit_single","A1689SP9SJBJDA","gain","6","32","","","","","","","","","","","","","","","","","","","","","","","","","",""
"14877","","text","5","189295","0.0-5.0","47416492","wem/bandit_single","A1689SP9SJBJDA","gain","6","32","","","","","","","","","","","","","","","","","","","","","","","","","",""
"6247","","text","6","195543","0.0-6.0","47416492","wem/bandit_single","A1689SP9SJBJDA","gain","6","32","","","","","","","","","","","","","","","","","","","","","","","","","",""
"5816","","text","7","201359","0.0-7.0","47416492","wem/bandit_single","A1689SP9SJBJDA","gain","6","32","","","","","","","","","","","","","","","","","","","","","","","","","",""
"4157","","text","8","205518","0.0-8.0","47416492","wem/bandit_single","A1689SP9SJBJDA","gain","6","32","","","","","","","","","","","","","","","","","","","","","","","","","",""
"2735","","text","9","208254","0.0-9.0","47416492","wem/bandit_single","A1689SP9SJBJDA","gain","6","32","","","","","","","","","","","","","","","","","","","","","","","","","",""
"8073","","text","10","216327","0.0-10.0","47416492","wem/bandit_single","A1689SP9SJBJDA","gain","6","32","","","","","","","","","","","","","","","","","","","","","","","","","",""
"17149","","text","11","233478","0.0-11.0","47416492","wem/bandit_single","A1689SP9SJBJDA","gain","6","32","","","","","","","","","","","","","","","","","","","","","","","","","",""
"1995","","bandit","12","236985","0.0-12.0-0.0","47416492","wem/bandit_single","A1689SP9SJBJDA","gain","6","","74","J","0","img/none_selected_demo.jpg","0","0","1","0","0","true","0","0","0","","","","","","","","","","","","",""
"636","","bandit","13","239386","0.0-13.0-0.0","47416492","wem/bandit_single","A1689SP9SJBJDA","gain","6","","75","K","0","img/none_selected_demo.jpg","0","0","1","0","0","true","0","0","0","","","","","","","","","","","","",""
"13082","","text","14","252719","0.0-14.0","47416492","wem/bandit_single","A1689SP9SJBJDA","gain","6","32","","","","","","","","","","","","","","","","","","","","","","","","","",""
"1804","","text","15","254526","0.0-15.0","47416492","wem/bandit_single","A1689SP9SJBJDA","gain","6","32","","","","","","","","","","","","","","","","","","","","","","","","","",""
"7373","","text","16","261901","0.0-16.0","47416492","wem/bandit_single","A1689SP9SJBJDA","gain","6","32","","","","","","","","","","","","","","","","","","","","","","","","","",""
"2985","","text","17","264888","0.0-17.0","47416492","wem/bandit_single","A1689SP9SJBJDA","gain","6","32","","","","","","","","","","","","","","","","","","","","","","","","","",""
"2483","","bandit","18","268882","0.0-18.0-0.0","47416492","wem/bandit_single","A1689SP9SJBJDA","gain","6","","74","J","0","img/none_selected_demo.jpg","1","0","0","0.8","0","true","0","0.8","0","80_20_practice","0.2","0","","","","","","","","","",""
"1272","","bandit","19","271918","0.0-18.0-1.0","47416492","wem/bandit_single","A1689SP9SJBJDA","gain","6","","74","J","0","img/none_selected_demo.jpg","1","0","0","0.8","0","true","0","0.8","0","80_20_practice","0.2","0","","","","","","","","","",""
"574","","bandit","20","274256","0.0-18.0-2.0","47416492","wem/bandit_single","A1689SP9SJBJDA","gain","6","","74","J","0","img/none_selected_demo.jpg","1","0","0","0.8","0","true","0","0.8","0","80_20_practice","0.2","0","","","","","","","","","",""
"139","","bandit","21","276162","0.0-18.0-3.0","47416492","wem/bandit_single","A1689SP9SJBJDA","gain","6","","74","J","0","img/none_selected_demo.jpg","1","0","0","0.8","0","true","0","0.8","0","80_20_practice","0.2","0","","","","","","","","","",""
"72","","bandit","22","278003","0.0-18.0-4.0","47416492","wem/bandit_single","A1689SP9SJBJDA","gain","6","","74","J","0","img/none_selected_demo.jpg","1","0","0","0.8","0","true","0","0.8","0","80_20_practice","0.2","0","","","","","","","","","",""
"137","","bandit","23","279902","0.0-18.0-5.0","47416492","wem/bandit_single","A1689SP9SJBJDA","gain","6","","74","J","0","img/none_selected_demo.jpg","1","0","0","0.8","0","true","0","0.8","0","80_20_practice","0.2","0","","","","","","","","","",""
"966","","bandit","24","282629","0.0-18.0-6.0","47416492","wem/bandit_single","A1689SP9SJBJDA","gain","6","","75","K","1","","0","0","1","0.2","0","true","0","0.8","0","80_20_practice","0.2","0","","","","","","","","","",""
"766","","bandit","25","285159","0.0-18.0-7.0","47416492","wem/bandit_single","A1689SP9SJBJDA","gain","6","","74","J","0","img/none_selected_demo.jpg","1","0","0","0.8","0","true","0","0.8","0","80_20_practice","0.2","0","","","","","","","","","",""
"460","","bandit","26","287382","0.0-18.0-8.0","47416492","wem/bandit_single","A1689SP9SJBJDA","gain","6","","74","J","0","img/none_selected_demo.jpg","1","0","0","0.8","0","true","0","0.8","0","80_20_practice","0.2","0","","","","","","","","","",""
"167","","bandit","27","289314","0.0-18.0-9.0","47416492","wem/bandit_single","A1689SP9SJBJDA","gain","6","","74","J","0","img/none_selected_demo.jpg","1","0","0","0.8","0","true","0","0.8","0","80_20_practice","0.2","0","","","","","","","","","",""
"1379","","bandit","28","292456","0.0-18.0-10.0","47416492","wem/bandit_single","A1689SP9SJBJDA","gain","6","","75","K","1","","0","0","1","0.2","0","true","0","0.8","0","80_20_practice","0.2","0","","","","","","","","","",""
"2171","","bandit","29","296392","0.0-18.0-11.0","47416492","wem/bandit_single","A1689SP9SJBJDA","gain","6","","74","J","0","img/none_selected_demo.jpg","1","0","0","0.8","0","true","0","0.8","0","80_20_practice","0.2","0","","","","","","","","","",""
"129","","bandit","30","298289","0.0-18.0-12.0","47416492","wem/bandit_single","A1689SP9SJBJDA","gain","6","","75","K","1","","0","0","1","0.2","0","true","0","0.8","0","80_20_practice","0.2","0","","","","","","","","","",""
"988","","bandit","31","301035","0.0-18.0-13.0","47416492","wem/bandit_single","A1689SP9SJBJDA","gain","6","","74","J","0","img/none_selected_demo.jpg","1","0","0","0.8","0","true","0","0.8","0","80_20_practice","0.2","0","","","","","","","","","",""
"1376","","bandit","32","304176","0.0-18.0-14.0","47416492","wem/bandit_single","A1689SP9SJBJDA","gain","6","","74","J","0","img/none_selected_demo.jpg","0","0","1","0.8","0","true","0","0.8","0","80_20_practice","0.2","0","","","","","","","","","",""
"163","","bandit","33","306103","0.0-18.0-15.0","47416492","wem/bandit_single","A1689SP9SJBJDA","gain","6","","75","K","1","","1","0","0","0.2","0","true","0","0.8","0","80_20_practice","0.2","0","","","","","","","","","",""
"50","","bandit","34","307917","0.0-18.0-16.0","47416492","wem/bandit_single","A1689SP9SJBJDA","gain","6","","74","J","0","img/none_selected_demo.jpg","1","0","0","0.8","0","true","0","0.8","0","80_20_practice","0.2","0","","","","","","","","","",""
"125","","bandit","35","309806","0.0-18.0-17.0","47416492","wem/bandit_single","A1689SP9SJBJDA","gain","6","","74","J","0","img/none_selected_demo.jpg","1","0","0","0.8","0","true","0","0.8","0","80_20_practice","0.2","0","","","","","","","","","",""
"859","","bandit","36","312427","0.0-18.0-18.0","47416492","wem/bandit_single","A1689SP9SJBJDA","gain","6","","75","K","1","","0","0","1","0.2","0","true","0","0.8","0","80_20_practice","0.2","0","","","","","","","","","",""
"1397","","bandit","37","315593","0.0-18.0-19.0","47416492","wem/bandit_single","A1689SP9SJBJDA","gain","6","","75","K","1","","0","0","1","0.2","0","true","0","0.8","0","80_20_practice","0.2","0","","","","","","","","","",""
"4362","","text","38","320211","0.0-19.0","47416492","wem/bandit_single","A1689SP9SJBJDA","gain","6","32","","","","","","","","","","","","","","","","","","","","","","","","","",""
"2980","","bandit","39","324702","0.0-20.0-0.0","47416492","wem/bandit_single","A1689SP9SJBJDA","gain","6","","74","J","0","img/none_selected_demo.jpg","0","0","1","0","0","true","0","0","0","","0","0","","","","","","","","","",""
"10371","","text","40","335330","0.0-21.0","47416492","wem/bandit_single","A1689SP9SJBJDA","gain","6","32","","","","","","","","","","","","","","","","","","","","","","","","","",""
"4038","","text","41","339371","0.0-22.0","47416492","wem/bandit_single","A1689SP9SJBJDA","gain","6","32","","","","","","","","","","","","","","","","","","","","","","","","","",""
"5086","","text","42","344459","0.0-23.0","47416492","wem/bandit_single","A1689SP9SJBJDA","gain","6","32","","","","","","","","","","","","","","","","","","","","","","","","","",""
"13382","","text","43","357843","0.0-24.0","47416492","wem/bandit_single","A1689SP9SJBJDA","gain","6","32","","","","","","","","","","","","","","","","","","","","","","","","","",""
"14534","","text","44","372379","0.0-25.0","47416492","wem/bandit_single","A1689SP9SJBJDA","gain","6","32","","","","","","","","","","","","","","","","","","","","","","","","","",""
"3694","","text","45","376075","0.0-26.0","47416492","wem/bandit_single","A1689SP9SJBJDA","gain","6","32","","","","","","","","","","","","","","","","","","","","","","","","","",""
"3541","","text","46","379617","0.0-27.0","47416492","wem/bandit_single","A1689SP9SJBJDA","gain","6","32","","","","","","","","","","","","","","","","","","","","","","","","","",""
"4624","","text","47","384243","0.0-28.0","47416492","wem/bandit_single","A1689SP9SJBJDA","gain","6","32","","","","","","","","","","","","","","","","","","","","","","","","","",""
"6604","","text","48","390849","0.0-29.0","47416492","wem/bandit_single","A1689SP9SJBJDA","gain","6","32","","","","","","","","","","","","","","","","","","","","","","","","","",""
"3055","","text","49","393906","0.0-30.0","47416492","wem/bandit_single","A1689SP9SJBJDA","gain","6","32","","","","","","","","","","","","","","","","","","","","","","","","","",""
"4813","","text","50","398721","0.0-31.0","47416492","wem/bandit_single","A1689SP9SJBJDA","gain","6","32","","","","","","","","","","","","","","","","","","","","","","","","","",""
"1558","","bandit","51","401790","0.0-32.0-0.0","47416492","wem/bandit_single","A1689SP9SJBJDA","gain","6","","72","H","0","img/none_selected.jpg","1","0","0","0.8","0","true","0","0.8","0","full_practice","0.2","0","0.6","0","0.2","0","","","","","",""
"362","","bandit","52","403914","0.0-32.0-1.0","47416492","wem/bandit_single","A1689SP9SJBJDA","gain","6","","72","H","0","img/none_selected.jpg","1","0","0","0.8","0","true","0","0.8","0","full_practice","0.2","0","0.6","0","0.2","0","","","","","",""
"78","","bandit","53","405751","0.0-32.0-2.0","47416492","wem/bandit_single","A1689SP9SJBJDA","gain","6","","72","H","0","img/none_selected.jpg","1","0","0","0.8","0","true","0","0.8","0","full_practice","0.2","0","0.6","0","0.2","0","","","","","",""
"64","","bandit","54","407580","0.0-32.0-3.0","47416492","wem/bandit_single","A1689SP9SJBJDA","gain","6","","72","H","0","img/none_selected.jpg","1","0","0","0.8","0","true","0","0.8","0","full_practice","0.2","0","0.6","0","0.2","0","","","","","",""
"94","","bandit","55","409435","0.0-32.0-4.0","47416492","wem/bandit_single","A1689SP9SJBJDA","gain","6","","72","H","0","img/none_selected.jpg","0","0","1","0.8","0","true","0","0.8","0","full_practice","0.2","0","0.6","0","0.2","0","","","","","",""
"223","","bandit","56","411420","0.0-32.0-5.0","47416492","wem/bandit_single","A1689SP9SJBJDA","gain","6","","74","J","1","","0","0","1","0.2","0","true","0","0.8","0","full_practice","0.2","0","0.6","0","0.2","0","","","","","",""
"1221","","bandit","57","414404","0.0-32.0-6.0","47416492","wem/bandit_single","A1689SP9SJBJDA","gain","6","","74","J","1","","0","0","1","0.2","0","true","0","0.8","0","full_practice","0.2","0","0.6","0","0.2","0","","","","","",""
"108","","bandit","58","416275","0.0-32.0-7.0","47416492","wem/bandit_single","A1689SP9SJBJDA","gain","6","","74","J","1","","0","0","1","0.2","0","true","0","0.8","0","full_practice","0.2","0","0.6","0","0.2","0","","","","","",""
"29","","bandit","59","418067","0.0-32.0-8.0","47416492","wem/bandit_single","A1689SP9SJBJDA","gain","6","","74","J","1","","0","0","1","0.2","0","true","0","0.8","0","full_practice","0.2","0","0.6","0","0.2","0","","","","","",""
"660","","bandit","60","420495","0.0-32.0-9.0","47416492","wem/bandit_single","A1689SP9SJBJDA","gain","6","","74","J","1","","0","0","1","0.2","0","true","0","0.8","0","full_practice","0.2","0","0.6","0","0.2","0","","","","","",""
"19","","bandit","61","422274","0.0-32.0-10.0","47416492","wem/bandit_single","A1689SP9SJBJDA","gain","6","","75","K","2","","1","0","0","0.6","0","true","0","0.8","0","full_practice","0.2","0","0.6","0","0.2","0","","","","","",""
"76","","bandit","62","424119","0.0-32.0-11.0","47416492","wem/bandit_single","A1689SP9SJBJDA","gain","6","","75","K","2","","1","0","0","0.6","0","true","0","0.8","0","full_practice","0.2","0","0.6","0","0.2","0","","","","","",""
"810","","bandit","63","426692","0.0-32.0-12.0","47416492","wem/bandit_single","A1689SP9SJBJDA","gain","6","","75","K","2","","1","0","0","0.6","0","true","0","0.8","0","full_practice","0.2","0","0.6","0","0.2","0","","","","","",""
"106","","bandit","64","428563","0.0-32.0-13.0","47416492","wem/bandit_single","A1689SP9SJBJDA","gain","6","","75","K","2","","1","0","0","0.6","0","true","0","0.8","0","full_practice","0.2","0","0.6","0","0.2","0","","","","","",""
"358","","bandit","65","430686","0.0-32.0-14.0","47416492","wem/bandit_single","A1689SP9SJBJDA","gain","6","","75","K","2","","1","0","0","0.6","0","true","0","0.8","0","full_practice","0.2","0","0.6","0","0.2","0","","","","","",""
"475","","bandit","66","432927","0.0-32.0-15.0","47416492","wem/bandit_single","A1689SP9SJBJDA","gain","6","","76","L","3","","0","0","1","0.2","0","true","0","0.8","0","full_practice","0.2","0","0.6","0","0.2","0","","","","","",""
"16","","bandit","67","434706","0.0-32.0-16.0","47416492","wem/bandit_single","A1689SP9SJBJDA","gain","6","","76","L","3","","1","0","0","0.2","0","true","0","0.8","0","full_practice","0.2","0","0.6","0","0.2","0","","","","","",""
"156","","bandit","68","436631","0.0-32.0-17.0","47416492","wem/bandit_single","A1689SP9SJBJDA","gain","6","","76","L","3","","1","0","0","0.2","0","true","0","0.8","0","full_practice","0.2","0","0.6","0","0.2","0","","","","","",""
"39","","bandit","69","438436","0.0-32.0-18.0","47416492","wem/bandit_single","A1689SP9SJBJDA","gain","6","","76","L","3","","0","0","1","0.2","0","true","0","0.8","0","full_practice","0.2","0","0.6","0","0.2","0","","","","","",""
"99","","bandit","70","440299","0.0-32.0-19.0","47416492","wem/bandit_single","A1689SP9SJBJDA","gain","6","","76","L","3","","1","0","0","0.2","0","true","0","0.8","0","full_practice","0.2","0","0.6","0","0.2","0","","","","","",""
"2946","","text","71","443506","0.0-33.0","47416492","wem/bandit_single","A1689SP9SJBJDA","gain","6","32","","","","","","","","","","","","","","","","","","","","","","","","","",""
"10719","","text","72","455233","0.0-34.0","47416492","wem/bandit_single","A1689SP9SJBJDA","gain","6","32","","","","","","","","","","","","","","","","","","","","","","","","","",""
"4720","","text","73","459955","0.0-35.0","47416492","wem/bandit_single","A1689SP9SJBJDA","gain","6","32","","","","","","","","","","","","","","","","","","","","","","","","","",""
"9212","","text","74","469169","0.0-36.0","47416492","wem/bandit_single","A1689SP9SJBJDA","gain","6","32","","","","","","","","","","","","","","","","","","","","","","","","","",""
"5412","","text","75","474583","0.0-37.0","47416492","wem/bandit_single","A1689SP9SJBJDA","gain","6","32","","","","","","","","","","","","","","","","","","","","","","","","","",""
"1531","","bandit","76","477627","0.0-38.0-0.0","47416492","wem/bandit_single","A1689SP9SJBJDA","gain","6","","72","H","0","img/none_selected.jpg","1","0","0","0.3785571591","","false","1","0.3785571591","","main_expt","0.1142009487","","0.1940838181","","0.1623639982","","","","","","",""
"76","","bandit","77","479470","0.0-39.0-0.0","47416492","wem/bandit_single","A1689SP9SJBJDA","gain","6","","72","H","0","img/none_selected.jpg","0","0","1","0.3894156921","","false","2","0.3894156921","","main_expt","0.09165924831","","0.2410489397","","0.1864124343","","","","","","",""
"106","","bandit","78","481340","0.0-40.0-0.0","47416492","wem/bandit_single","A1689SP9SJBJDA","gain","6","","72","H","0","img/none_selected.jpg","1","0","0","0.4125386255","","false","3","0.4125386255","","main_expt","0.1174954382","","0.2645422736","","0.1494323563","","","","","","",""
"50","","bandit","79","483150","0.0-41.0-0.0","47416492","wem/bandit_single","A1689SP9SJBJDA","gain","6","","72","H","0","img/none_selected.jpg","0","0","1","0.3990363537","","false","4","0.3990363537","","main_expt","0.1426329369","","0.1984909652","","0.1266436655","","","","","","",""
"143","","bandit","80","485056","0.0-42.0-0.0","47416492","wem/bandit_single","A1689SP9SJBJDA","gain","6","","72","H","0","img/none_selected.jpg","1","0","0","0.454435597","","false","5","0.454435597","","main_expt","0.1503595054","","0.1239860826","","0.1476492511","","","","","","",""
"143","","bandit","81","486965","0.0-43.0-0.0","47416492","wem/bandit_single","A1689SP9SJBJDA","gain","6","","72","H","0","img/none_selected.jpg","1","0","0","0.4583077461","","false","6","0.4583077461","","main_expt","0.1646450236","","0.06805906468","","0.1525625276","","","","","","",""
"79","","bandit","82","488808","0.0-44.0-0.0","47416492","wem/bandit_single","A1689SP9SJBJDA","gain","6","","72","H","0","img/none_selected.jpg","1","0","0","0.4617786505","","false","7","0.4617786505","","main_expt","0.2031930874","","0.05890971721","","0.1856713893","","","","","","",""
"51","","bandit","83","490623","0.0-45.0-0.0","47416492","wem/bandit_single","A1689SP9SJBJDA","gain","6","","72","H","0","img/none_selected.jpg","1","0","0","0.475168559","","false","8","0.475168559","","main_expt","0.181996894","","0.0832196585","","0.2108076934","","","","","","",""
"1264","","bandit","84","493645","0.0-46.0-0.0","47416492","wem/bandit_single","A1689SP9SJBJDA","gain","6","","72","H","0","img/none_selected.jpg","0","0","1","0.458325554","","false","9","0.458325554","","main_expt","0.1673845292","","0.1325638406","","0.1956497028","","","","","","",""
"202","","bandit","85","495607","0.0-47.0-0.0","47416492","wem/bandit_single","A1689SP9SJBJDA","gain","6","","74","J","1","","0","0","1","0.2328473308","","false","10","0.4316924572","","main_expt","0.2328473308","","0.1196898321","","0.1582923175","","","","","","",""
"270","","bandit","86","497639","0.0-48.0-0.0","47416492","wem/bandit_single","A1689SP9SJBJDA","gain","6","","74","J","1","","0","0","1","0.20589494","","false","11","0.3756511011","","main_expt","0.20589494","","0.1103103944","","0.167734997","","","","","","",""
"870","","bandit","87","500274","0.0-49.0-0.0","47416492","wem/bandit_single","A1689SP9SJBJDA","gain","6","","75","K","2","","0","0","1","0.06819125589","","false","12","0.3549088727","","main_expt","0.2246944015","","0.06819125589","","0.2150601968","","","","","","",""
"114","","bandit","88","502156","0.0-50.0-0.0","47416492","wem/bandit_single","A1689SP9SJBJDA","gain","6","","75","K","2","","0","0","1","0.07076675629","","false","13","0.3455803359","","main_expt","0.2613447163","","0.07076675629","","0.252216208","","","","","","",""
"442","","bandit","89","504361","0.0-51.0-0.0","47416492","wem/bandit_single","A1689SP9SJBJDA","gain","6","","76","L","3","","0","0","1","0.2184022087","","false","14","0.3809937316","","main_expt","0.212655478","","0.09241451512","","0.2184022087","","","","","","",""
"106","","bandit","90","506236","0.0-52.0-0.0","47416492","wem/bandit_single","A1689SP9SJBJDA","gain","6","","76","L","3","","0","0","1","0.210005203","","false","15","0.3479508526","","main_expt","0.1679070286","","0.07205700739","","0.210005203","","","","","","",""
"129","","bandit","91","508129","0.0-53.0-0.0","47416492","wem/bandit_single","A1689SP9SJBJDA","gain","6","","72","H","0","img/none_selected.jpg","0","0","1","0.3287514515","","false","16","0.3287514515","","main_expt","0.1774383452","","0.04760190598","","0.2402495983","","","","","","",""
"61","","bandit","92","509955","0.0-54.0-0.0","47416492","wem/bandit_single","A1689SP9SJBJDA","gain","6","","72","H","0","img/none_selected.jpg","0","0","1","0.4008698656","","false","17","0.4008698656","","main_expt","0.1562672395","","0.03958098904","","0.2766196603","","","","","","",""
"200","","bandit","93","511920","0.0-55.0-0.0","47416492","wem/bandit_single","A1689SP9SJBJDA","gain","6","","72","H","0","img/none_selected.jpg","1","0","0","0.3845126264","","false","18","0.3845126264","","main_expt","0.1407597156","","0.03128671198","","0.3193638145","","","","","","",""
"102","","bandit","94","513788","0.0-56.0-0.0","47416492","wem/bandit_single","A1689SP9SJBJDA","gain","6","","72","H","0","img/none_selected.jpg","0","0","1","0.3979941068","","false","19","0.3979941068","","main_expt","0.1310890834","","0.04453616628","","0.2953318626","","","","","","",""
"603","","bandit","95","516156","0.0-57.0-0.0","47416492","wem/bandit_single","A1689SP9SJBJDA","gain","6","","74","J","1","","0","0","1","0.1317163977","","false","20","0.3920029867","","main_expt","0.1317163977","","0.04596917346","","0.3007143328","","","","","","",""
"72","","bandit","96","517993","0.0-58.0-0.0","47416492","wem/bandit_single","A1689SP9SJBJDA","gain","6","","75","K","2","","0","0","1","0.04297504417","","false","21","0.4057752261","","main_expt","0.1752537558","","0.04297504417","","0.3105995928","","","","","","",""
"653","","bandit","97","520409","0.0-59.0-0.0","47416492","wem/bandit_single","A1689SP9SJBJDA","gain","6","","76","L","3","","1","0","0","0.3742057862","","false","22","0.4072420822","","main_expt","0.2064983175","","0.04739698515","","0.3742057862","","","","","","",""
"110","","bandit","98","522281","0.0-60.0-0.0","47416492","wem/bandit_single","A1689SP9SJBJDA","gain","6","","76","L","3","","0","0","1","0.3439758112","","false","23","0.3798298113","","main_expt","0.216691321","","0.08003173613","","0.3439758112","","","","","","",""
"77","","bandit","99","524125","0.0-61.0-0.0","47416492","wem/bandit_single","A1689SP9SJBJDA","gain","6","","76","L","3","","0","0","1","0.3549138733","","false","24","0.3329856024","","main_expt","0.2342773894","","0.09868307827","","0.3549138733","","","","","","",""
"583","","bandit","100","526475","0.0-62.0-0.0","47416492","wem/bandit_single","A1689SP9SJBJDA","gain","6","","76","L","3","","1","0","0","0.3811330683","","false","25","0.3337381726","","main_expt","0.2378870173","","0.07950464875","","0.3811330683","","","","","","",""
"135","","bandit","101","528376","0.0-63.0-0.0","47416492","wem/bandit_single","A1689SP9SJBJDA","gain","6","","76","L","3","","0","0","1","0.3131907418","","false","26","0.3650510818","","main_expt","0.2555438901","","0.09697268327","","0.3131907418","","","","","","",""
"109","","bandit","102","530250","0.0-64.0-0.0","47416492","wem/bandit_single","A1689SP9SJBJDA","gain","6","","74","J","1","","0","0","1","0.2487754609","","false","27","0.3930286133","","main_expt","0.2487754609","","0.09831328215","","0.3210571327","","","","","","",""
"111","","bandit","103","532131","0.0-65.0-0.0","47416492","wem/bandit_single","A1689SP9SJBJDA","gain","6","","75","K","2","","0","0","1","0.08798585883","","false","28","0.3849328395","","main_expt","0.2023297646","","0.08798585883","","0.3350138966","","","","","","",""
"144","","bandit","104","534041","0.0-66.0-0.0","47416492","wem/bandit_single","A1689SP9SJBJDA","gain","6","","74","J","1","","0","0","1","0.1824385616","","false","29","0.3635333449","","main_expt","0.1824385616","","0.1001400419","","0.3491704597","","","","","","",""
"0","","bandit","105","535806","0.0-67.0-0.0","47416492","wem/bandit_single","A1689SP9SJBJDA","gain","6","","75","K","2","","0","0","1","0.100360092","","false","30","0.3870800473","","main_expt","0.2108935763","","0.100360092","","0.3515390533","","","","","","",""
"71","","bandit","106","537638","0.0-68.0-0.0","47416492","wem/bandit_single","A1689SP9SJBJDA","gain","6","","72","H","0","img/none_selected.jpg","0","0","1","0.407818568","","false","31","0.407818568","","main_expt","0.2212072473","","0.1235489826","","0.3116189274","","","","","","",""
"41","","bandit","107","539440","0.0-69.0-0.0","47416492","wem/bandit_single","A1689SP9SJBJDA","gain","6","","72","H","0","img/none_selected.jpg","1","0","0","0.4365503818","","false","32","0.4365503818","","main_expt","0.2349080289","","0.0999088058","","0.2923613921","","","","","","",""
"133","","bandit","108","541338","0.0-70.0-0.0","47416492","wem/bandit_single","A1689SP9SJBJDA","gain","6","","72","H","0","img/none_selected.jpg","0","0","1","0.438397095","","false","33","0.438397095","","main_expt","0.2233211346","","0.1229353218","","0.2833872006","","","","","","",""
"26","","bandit","109","543128","0.0-71.0-0.0","47416492","wem/bandit_single","A1689SP9SJBJDA","gain","6","","74","J","1","","0","0","1","0.2328620384","","false","34","0.4225996483","","main_expt","0.2328620384","","0.1174339591","","0.251012165","","","","","","",""
"63","","bandit","110","544948","0.0-72.0-0.0","47416492","wem/bandit_single","A1689SP9SJBJDA","gain","6","","75","K","2","","0","0","1","0.08922948311","","false","35","0.3719427837","","main_expt","0.2442853791","","0.08922948311","","0.2150204629","","","","","","",""
"441","","bandit","111","547153","0.0-73.0-0.0","47416492","wem/bandit_single","A1689SP9SJBJDA","gain","6","","76","L","3","","0","0","1","0.2003821391","","false","36","0.3643608465","","main_expt","0.2536962779","","0.1065429935","","0.2003821391","","","","","","",""
"41","","bandit","112","548960","0.0-74.0-0.0","47416492","wem/bandit_single","A1689SP9SJBJDA","gain","6","","76","L","3","","0","0","1","0.1584744983","","false","37","0.3951734682","","main_expt","0.1968410568","","0.119331244","","0.1584744983","","","","","","",""
"805","","bandit","113","551526","0.0-75.0-0.0","47416492","wem/bandit_single","A1689SP9SJBJDA","gain","6","","76","L","3","","0","0","1","0.1107345946","","false","38","0.4106313244","","main_expt","0.1903576104","","0.1140529394","","0.1107345946","","","","","","",""
"127","","bandit","114","553419","0.0-76.0-0.0","47416492","wem/bandit_single","A1689SP9SJBJDA","gain","6","","72","H","0","img/none_selected.jpg","0","0","1","0.385877281","","false","39","0.385877281","","main_expt","0.2094560733","","0.1377706652","","0.1922112034","","","","","","",""
"55","","bandit","115","555240","0.0-77.0-0.0","47416492","wem/bandit_single","A1689SP9SJBJDA","gain","6","","72","H","0","img/none_selected.jpg","0","0","1","0.3814638094","","false","40","0.3814638094","","main_expt","0.2157952434","","0.1686011578","","0.202991566","","","","","","",""
"157","","bandit","116","557162","0.0-78.0-0.0","47416492","wem/bandit_single","A1689SP9SJBJDA","gain","6","","72","H","0","img/none_selected.jpg","0","0","1","0.3569976603","","false","41","0.3569976603","","main_expt","0.1982376225","","0.1640814413","","0.257249123","","","","","","",""
"399","","bandit","117","559326","0.0-79.0-0.0","47416492","wem/bandit_single","A1689SP9SJBJDA","gain","6","","72","H","0","img/none_selected.jpg","1","0","0","0.3254656301","","false","42","0.3254656301","","main_expt","0.1815133425","","0.1444461896","","0.3139605103","","","","","","",""
"102","","bandit","118","561190","0.0-80.0-0.0","47416492","wem/bandit_single","A1689SP9SJBJDA","gain","6","","72","H","0","img/none_selected.jpg","1","0","0","0.3061667188","","false","43","0.3061667188","","main_expt","0.1804658283","","0.1466097136","","0.2859416922","","","","","","",""
"133","","bandit","119","563089","0.0-81.0-0.0","47416492","wem/bandit_single","A1689SP9SJBJDA","gain","6","","72","H","0","img/none_selected.jpg","0","0","1","0.3247162798","","false","44","0.3247162798","","main_expt","0.1453808853","","0.1701376127","","0.2344477797","","","","","","",""
"99","","bandit","120","564952","0.0-82.0-0.0","47416492","wem/bandit_single","A1689SP9SJBJDA","gain","6","","76","L","3","","0","0","1","0.25278305","","false","45","0.3464274235","","main_expt","0.1975985391","","0.2382164817","","0.25278305","","","","","","",""
"130","","bandit","121","566851","0.0-83.0-0.0","47416492","wem/bandit_single","A1689SP9SJBJDA","gain","6","","76","L","3","","1","0","0","0.2447001663","","false","46","0.2853596265","","main_expt","0.2099331931","","0.2817064876","","0.2447001663","","","","","","",""
"124","","bandit","122","568737","0.0-84.0-0.0","47416492","wem/bandit_single","A1689SP9SJBJDA","gain","6","","76","L","3","","0","0","1","0.2439886488","","false","47","0.2781892211","","main_expt","0.2373708448","","0.3449614965","","0.2439886488","","","","","","",""
"500","","bandit","123","570999","0.0-85.0-0.0","47416492","wem/bandit_single","A1689SP9SJBJDA","gain","6","","76","L","3","","1","0","0","0.3453423138","","false","48","0.2802769371","","main_expt","0.2929879582","","0.2846403666","","0.3453423138","","","","","","",""
"139","","bandit","124","572902","0.0-86.0-0.0","47416492","wem/bandit_single","A1689SP9SJBJDA","gain","6","","76","L","3","","0","0","1","0.3208634608","","false","49","0.3162769287","","main_expt","0.2643709298","","0.3292227521","","0.3208634608","","","","","","",""
"638","","bandit","125","575304","0.0-87.0-0.0","47416492","wem/bandit_single","A1689SP9SJBJDA","gain","6","","76","L","3","","0","0","1","0.2600740437","","false","50","0.2524095143","","main_expt","0.2666646559","","0.270904054","","0.2600740437","","","","","","",""
"156","","bandit","126","577224","0.0-88.0-0.0","47416492","wem/bandit_single","A1689SP9SJBJDA","gain","6","","75","K","2","","0","0","1","0.2503066232","","false","51","0.2630113652","","main_expt","0.2550538978","","0.2503066232","","0.2451527442","","","","","","",""
"159","","bandit","127","579142","0.0-89.0-0.0","47416492","wem/bandit_single","A1689SP9SJBJDA","gain","6","","75","K","2","","1","0","0","0.2405173112","","false","52","0.2707742251","","main_expt","0.3235330097","","0.2405173112","","0.1882651979","","","","","","",""
"98","","bandit","128","581008","0.0-90.0-0.0","47416492","wem/bandit_single","A1689SP9SJBJDA","gain","6","","75","K","2","","0","0","1","0.2966352861","","false","53","0.2150274285","","main_expt","0.347433539","","0.2966352861","","0.1930778153","","","","","","",""
"187","","bandit","129","582958","0.0-91.0-0.0","47416492","wem/bandit_single","A1689SP9SJBJDA","gain","6","","75","K","2","","0","0","1","0.2887198369","","false","54","0.2326572497","","main_expt","0.3368202787","","0.2887198369","","0.2216955806","","","","","","",""
"92","","bandit","130","584816","0.0-92.0-0.0","47416492","wem/bandit_single","A1689SP9SJBJDA","gain","6","","72","H","0","img/none_selected.jpg","0","0","1","0.2134399586","","false","55","0.2134399586","","main_expt","0.3503124627","","0.2801160178","","0.2422165651","","","","","","",""
"323","","bandit","131","586906","0.0-93.0-0.0","47416492","wem/bandit_single","A1689SP9SJBJDA","gain","6","","75","K","2","","0","0","1","0.3022415889","","false","56","0.2394891912","","main_expt","0.368841946","","0.3022415889","","0.228979269","","","","","","",""
"144","","bandit","132","588816","0.0-94.0-0.0","47416492","wem/bandit_single","A1689SP9SJBJDA","gain","6","","75","K","2","","1","0","0","0.3300995428","","false","57","0.2942469327","","main_expt","0.3883837061","","0.3300995428","","0.243325051","","","","","","",""
"68","","bandit","133","590648","0.0-95.0-0.0","47416492","wem/bandit_single","A1689SP9SJBJDA","gain","6","","72","H","0","img/none_selected.jpg","0","0","1","0.369295693","","false","58","0.369295693","","main_expt","0.4116863428","","0.3393984951","","0.2326991071","","","","","","",""
"25","","bandit","134","592439","0.0-96.0-0.0","47416492","wem/bandit_single","A1689SP9SJBJDA","gain","6","","75","K","2","","1","0","0","0.3592245678","","false","59","0.3663837161","","main_expt","0.3980375199","","0.3592245678","","0.2480349675","","","","","","",""
"117","","bandit","135","594318","0.0-97.0-0.0","47416492","wem/bandit_single","A1689SP9SJBJDA","gain","6","","72","H","0","img/none_selected.jpg","0","0","1","0.3578669063","","false","60","0.3578669063","","main_expt","0.3849919156","","0.3431938453","","0.2591134247","","","","","","",""
"69","","bandit","136","596150","0.0-98.0-0.0","47416492","wem/bandit_single","A1689SP9SJBJDA","gain","6","","75","K","2","","1","0","0","0.3622980041","","false","61","0.3901807011","","main_expt","0.3822359719","","0.3622980041","","0.2828027123","","","","","","",""
"133","","bandit","137","598045","0.0-99.0-0.0","47416492","wem/bandit_single","A1689SP9SJBJDA","gain","6","","75","K","2","","0","0","1","0.3898917795","","false","62","0.4199484271","","main_expt","0.3356955782","","0.3898917795","","0.2645717152","","","","","","",""
"125","","bandit","138","599937","0.0-100.0-0.0","47416492","wem/bandit_single","A1689SP9SJBJDA","gain","6","","75","K","2","","1","0","0","0.3730814422","","false","63","0.431710707","","main_expt","0.2961333539","","0.3730814422","","0.3164731366","","","","","","",""
"171","","bandit","139","601873","0.0-101.0-0.0","47416492","wem/bandit_single","A1689SP9SJBJDA","gain","6","","74","J","1","","0","0","1","0.3332154777","","false","64","0.4302834116","","main_expt","0.3332154777","","0.359514794","","0.3549458842","","","","","","",""
"513","","bandit","140","604152","0.0-102.0-0.0","47416492","wem/bandit_single","A1689SP9SJBJDA","gain","6","","75","K","2","","1","0","0","0.3114607296","","false","65","0.3985691748","","main_expt","0.35785358","","0.3114607296","","0.288515421","","","","","","",""
"354","","bandit","141","606271","0.0-103.0-0.0","47416492","wem/bandit_single","A1689SP9SJBJDA","gain","6","","74","J","1","","0","0","1","0.406057841","","false","66","0.4041176093","","main_expt","0.406057841","","0.2942291023","","0.3011993237","","","","","","",""
"100","","bandit","142","608135","0.0-104.0-0.0","47416492","wem/bandit_single","A1689SP9SJBJDA","gain","6","","75","K","2","","0","0","1","0.3320533568","","false","67","0.4007812862","","main_expt","0.4196038874","","0.3320533568","","0.345072876","","","","","","",""
"100","","bandit","143","609996","0.0-105.0-0.0","47416492","wem/bandit_single","A1689SP9SJBJDA","gain","6","","75","K","2","","1","0","0","0.3600975808","","false","68","0.4294162969","","main_expt","0.3890604874","","0.3600975808","","0.3196529892","","","","","","",""
"142","","bandit","144","611903","0.0-106.0-0.0","47416492","wem/bandit_single","A1689SP9SJBJDA","gain","6","","75","K","2","","0","0","1","0.2872110667","","false","69","0.3767619451","","main_expt","0.4084138829","","0.2872110667","","0.3649702463","","","","","","",""
"250","","bandit","145","613918","0.0-107.0-0.0","47416492","wem/bandit_single","A1689SP9SJBJDA","gain","6","","75","K","2","","1","0","0","0.295141158","","false","70","0.3777248691","","main_expt","0.3468887804","","0.295141158","","0.356932825","","","","","","",""
"166","","bandit","146","615846","0.0-108.0-0.0","47416492","wem/bandit_single","A1689SP9SJBJDA","gain","6","","75","K","2","","0","0","1","0.3206647592","","false","71","0.3795242786","","main_expt","0.341524862","","0.3206647592","","0.3835678776","","","","","","",""
"659","","bandit","147","618271","0.0-109.0-0.0","47416492","wem/bandit_single","A1689SP9SJBJDA","gain","6","","75","K","2","","0","0","1","0.3264000429","","false","72","0.3665841139","","main_expt","0.3749246652","","0.3264000429","","0.4212385026","","","","","","",""
"213","","bandit","148","620249","0.0-110.0-0.0","47416492","wem/bandit_single","A1689SP9SJBJDA","gain","6","","75","K","2","","0","0","1","0.333972891","","false","73","0.3651794524","","main_expt","0.3871824506","","0.333972891","","0.4261424303","","","","","","",""
"298","","bandit","149","622315","0.0-111.0-0.0","47416492","wem/bandit_single","A1689SP9SJBJDA","gain","6","","76","L","3","","0","0","1","0.3977974162","","false","74","0.3550305672","","main_expt","0.3721906724","","0.3616968722","","0.3977974162","","","","","","",""
"20","","bandit","150","624101","0.0-112.0-0.0","47416492","wem/bandit_single","A1689SP9SJBJDA","gain","6","","76","L","3","","1","0","0","0.4267201321","","false","75","0.2927321298","","main_expt","0.3111946895","","0.3975057441","","0.4267201321","","","","","","",""
"107","","bandit","151","625972","0.0-113.0-0.0","47416492","wem/bandit_single","A1689SP9SJBJDA","gain","6","","76","L","3","","1","0","0","0.4263250047","","false","76","0.2842047713","","main_expt","0.3336428477","","0.3807363423","","0.4263250047","","","","","","",""
"140","","bandit","152","627879","0.0-114.0-0.0","47416492","wem/bandit_single","A1689SP9SJBJDA","gain","6","","76","L","3","","0","0","1","0.4081139898","","false","77","0.291961298","","main_expt","0.2972108807","","0.394346207","","0.4081139898","","","","","","",""
"447","","bandit","153","630091","0.0-115.0-0.0","47416492","wem/bandit_single","A1689SP9SJBJDA","gain","6","","76","L","3","","0","0","1","0.4081745619","","false","78","0.2772504781","","main_expt","0.3500338334","","0.4130135997","","0.4081745619","","","","","","",""
"862","","bandit","154","632718","0.0-116.0-0.0","47416492","wem/bandit_single","A1689SP9SJBJDA","gain","6","","74","J","1","","1","0","0","0.3382579744","","false","79","0.2910266255","","main_expt","0.3382579744","","0.388257836","","0.4210543479","","","","","","",""
"530","","bandit","155","635017","0.0-117.0-0.0","47416492","wem/bandit_single","A1689SP9SJBJDA","gain","6","","74","J","1","","0","0","1","0.2848378437","","false","80","0.3236474027","","main_expt","0.2848378437","","0.402189785","","0.4173400146","","","","","","",""
"234","","bandit","156","637013","0.0-118.0-0.0","47416492","wem/bandit_single","A1689SP9SJBJDA","gain","6","","74","J","1","","0","0","1","0.2824957966","","false","81","0.3171491255","","main_expt","0.2824957966","","0.4188164015","","0.3876294662","","","","","","",""
"229","","bandit","157","639004","0.0-119.0-0.0","47416492","wem/bandit_single","A1689SP9SJBJDA","gain","6","","74","J","1","","0","0","1","0.2921189703","","false","82","0.3253049084","","main_expt","0.2921189703","","0.3923487362","","0.3960397656","","","","","","",""
"755","","bandit","158","641529","0.0-120.0-0.0","47416492","wem/bandit_single","A1689SP9SJBJDA","gain","6","","72","H","0","img/none_selected.jpg","0","0","1","0.2650825447","","false","83","0.2650825447","","main_expt","0.346808059","","0.3765831671","","0.4048972575","","","","","","",""
"274","","bandit","159","643567","0.0-121.0-0.0","47416492","wem/bandit_single","A1689SP9SJBJDA","gain","6","","72","H","0","img/none_selected.jpg","0","0","1","0.2860936523","","false","84","0.2860936523","","main_expt","0.3142369957","","0.3744655151","","0.4261464595","","","","","","",""
"395","","bandit","160","645726","0.0-122.0-0.0","47416492","wem/bandit_single","A1689SP9SJBJDA","gain","6","","72","H","0","img/none_selected.jpg","0","0","1","0.2965161573","","false","85","0.2965161573","","main_expt","0.3336664699","","0.4097897279","","0.4252889048","","","","","","",""
"73","","bandit","161","647567","0.0-123.0-0.0","47416492","wem/bandit_single","A1689SP9SJBJDA","gain","6","","75","K","2","","0","0","1","0.4365994201","","false","86","0.2718920201","","main_expt","0.3487181938","","0.4365994201","","0.4234238012","","","","","","",""
"51","","bandit","162","649383","0.0-124.0-0.0","47416492","wem/bandit_single","A1689SP9SJBJDA","gain","6","","75","K","2","","0","0","1","0.4485753971","","false","87","0.2663647104","","main_expt","0.3595256023","","0.4485753971","","0.4493325849","","","","","","",""
"79","","bandit","163","651229","0.0-125.0-0.0","47416492","wem/bandit_single","A1689SP9SJBJDA","gain","6","","75","K","2","","1","0","0","0.4682155013","","false","88","0.2505207396","","main_expt","0.3633435887","","0.4682155013","","0.4618336953","","","","","","",""
"148","","bandit","164","653145","0.0-126.0-0.0","47416492","wem/bandit_single","A1689SP9SJBJDA","gain","6","","75","K","2","","0","0","1","0.455546077","","false","89","0.2380326514","","main_expt","0.3301577903","","0.455546077","","0.470357169","","","","","","",""
"161","","bandit","165","655072","0.0-127.0-0.0","47416492","wem/bandit_single","A1689SP9SJBJDA","gain","6","","75","K","2","","1","0","0","0.4648286352","","false","90","0.2825572521","","main_expt","0.2983975746","","0.4648286352","","0.4756012524","","","","","","",""
"146","","bandit","166","656982","0.0-128.0-0.0","47416492","wem/bandit_single","A1689SP9SJBJDA","gain","6","","75","K","2","","0","0","1","0.4597569826","","false","91","0.3629334232","","main_expt","0.2708507867","","0.4597569826","","0.4661355378","","","","","","",""
"667","","bandit","167","659414","0.0-129.0-0.0","47416492","wem/bandit_single","A1689SP9SJBJDA","gain","6","","75","K","2","","0","0","1","0.4636055165","","false","92","0.4318733099","","main_expt","0.2025174094","","0.4636055165","","0.4640816948","","","","","","",""
"135","","bandit","168","661316","0.0-130.0-0.0","47416492","wem/bandit_single","A1689SP9SJBJDA","gain","6","","75","K","2","","1","0","0","0.4344757896","","false","93","0.4354989634","","main_expt","0.1991535532","","0.4344757896","","0.4745032584","","","","","","",""
"148","","bandit","169","663227","0.0-131.0-0.0","47416492","wem/bandit_single","A1689SP9SJBJDA","gain","6","","75","K","2","","1","0","0","0.4540573516","","false","94","0.4569950804","","main_expt","0.2072674268","","0.4540573516","","0.4713826624","","","","","","",""
"37","","bandit","170","665029","0.0-132.0-0.0","47416492","wem/bandit_single","A1689SP9SJBJDA","gain","6","","75","K","2","","1","0","0","0.467393544","","false","95","0.4626037768","","main_expt","0.2139910976","","0.467393544","","0.4518091014","","","","","","",""
"396","","bandit","171","667189","0.0-133.0-0.0","47416492","wem/bandit_single","A1689SP9SJBJDA","gain","6","","75","K","2","","1","0","0","0.4523779492","","false","96","0.4632162831","","main_expt","0.1714021876","","0.4523779492","","0.4610288074","","","","","","",""
"16","","bandit","172","668970","0.0-134.0-0.0","47416492","wem/bandit_single","A1689SP9SJBJDA","gain","6","","75","K","2","","1","0","0","0.4734298584","","false","97","0.4574348148","","main_expt","0.1776734449","","0.4734298584","","0.4610411697","","","","","","",""
"18","","bandit","173","670756","0.0-135.0-0.0","47416492","wem/bandit_single","A1689SP9SJBJDA","gain","6","","75","K","2","","1","0","0","0.4822123269","","false","98","0.4551488225","","main_expt","0.2143852757","","0.4822123269","","0.4658458747","","","","","","",""
"15188","","bandit","174","687707","0.0-136.0-0.0","47416492","wem/bandit_single","A1689SP9SJBJDA","gain","6","","72","H","0","img/none_selected.jpg","1","0","0","0.4604873832","","false","99","0.4604873832","","main_expt","0.2341872784","","0.4829706494","","0.4372748216","","","","","","",""
"671","","bandit","175","690139","0.0-137.0-0.0","47416492","wem/bandit_single","A1689SP9SJBJDA","gain","6","","72","H","0","img/none_selected.jpg","1","0","0","0.4364445071","","false","100","0.4364445071","","main_expt","0.2835639283","","0.4918551361","","0.4237986198","","","","","","",""
"150","","bandit","176","692055","0.0-138.0-0.0","47416492","wem/bandit_single","A1689SP9SJBJDA","gain","6","","72","H","0","img/none_selected.jpg","0","0","1","0.4152010141","","false","101","0.4152010141","","main_expt","0.3342764243","","0.4891782125","","0.4239408107","","","","","","",""
"210","","bandit","177","694028","0.0-139.0-0.0","47416492","wem/bandit_single","A1689SP9SJBJDA","gain","6","","74","J","1","","0","0","1","0.3693598309","","false","102","0.4463558977","","main_expt","0.3693598309","","0.484620563","","0.4482877494","","","","","","",""
"92","","bandit","178","695886","0.0-140.0-0.0","47416492","wem/bandit_single","A1689SP9SJBJDA","gain","6","","72","H","0","img/none_selected.jpg","1","0","0","0.4519222506","","false","103","0.4519222506","","main_expt","0.3465782007","","0.4880888492","","0.4319618448","","","","","","",""
"4","","bandit","179","697652","0.0-141.0-0.0","47416492","wem/bandit_single","A1689SP9SJBJDA","gain","6","","75","K","2","","1","0","0","0.4862983338","","false","104","0.44950272","","main_expt","0.356437927","","0.4862983338","","0.3989131432","","","","","","",""
"274","","bandit","180","699691","0.0-142.0-0.0","47416492","wem/bandit_single","A1689SP9SJBJDA","gain","6","","72","H","0","img/none_selected.jpg","0","0","1","0.4631277203","","false","105","0.4631277203","","main_expt","0.349556789","","0.4761426531","","0.3718051273","","","","","","",""
"346","","bandit","181","701804","0.0-143.0-0.0","47416492","wem/bandit_single","A1689SP9SJBJDA","gain","6","","75","K","2","","0","0","1","0.4724420891","","false","106","0.4761070442","","main_expt","0.3368343046","","0.4724420891","","0.3820213715","","","","","","",""
"139","","bandit","182","703705","0.0-144.0-0.0","47416492","wem/bandit_single","A1689SP9SJBJDA","gain","6","","76","L","3","","1","0","0","0.3903902173","","false","107","0.4574049266","","main_expt","0.3492990444","","0.4544285192","","0.3903902173","","","","","","",""
"183","","bandit","183","705654","0.0-145.0-0.0","47416492","wem/bandit_single","A1689SP9SJBJDA","gain","6","","72","H","0","img/none_selected.jpg","0","0","1","0.4342229458","","false","108","0.4342229458","","main_expt","0.3657086014","","0.4489506099","","0.424383047","","","","","","",""
"174","","bandit","184","707595","0.0-146.0-0.0","47416492","wem/bandit_single","A1689SP9SJBJDA","gain","6","","76","L","3","","0","0","1","0.3732822228","","false","109","0.4437976733","","main_expt","0.3473329542","","0.4357570441","","0.3732822228","","","","","","",""
"266","","bandit","185","709625","0.0-147.0-0.0","47416492","wem/bandit_single","A1689SP9SJBJDA","gain","6","","75","K","2","","0","0","1","0.4243789051","","false","110","0.4131704669","","main_expt","0.3937482981","","0.4243789051","","0.3545846445","","","","","","",""
"28","","bandit","186","711419","0.0-148.0-0.0","47416492","wem/bandit_single","A1689SP9SJBJDA","gain","6","","76","L","3","","0","0","1","0.2861948885","","false","111","0.3849612216","","main_expt","0.4067223002","","0.4235572131","","0.2861948885","","","","","","",""
"348","","bandit","187","713531","0.0-149.0-0.0","47416492","wem/bandit_single","A1689SP9SJBJDA","gain","6","","74","J","1","","1","0","0","0.3791461054","","false","112","0.4197473064","","main_expt","0.3791461054","","0.4216330179","","0.3148935151","","","","","","",""
"167","","bandit","188","715460","0.0-150.0-0.0","47416492","wem/bandit_single","A1689SP9SJBJDA","gain","6","","76","L","3","","0","0","1","0.310891148","","false","113","0.4477672952","","main_expt","0.3697872407","","0.3981229654","","0.310891148","","","","","","",""
"182","","bandit","189","717410","0.0-151.0-0.0","47416492","wem/bandit_single","A1689SP9SJBJDA","gain","6","","74","J","1","","1","0","0","0.3542284497","","false","114","0.4347577032","","main_expt","0.3542284497","","0.4051483532","","0.3312817134","","","","","","",""
"164","","bandit","190","719340","0.0-152.0-0.0","47416492","wem/bandit_single","A1689SP9SJBJDA","gain","6","","74","J","1","","0","0","1","0.3424252445","","false","115","0.4123529648","","main_expt","0.3424252445","","0.3664587937","","0.3328181623","","","","","","",""
"281","","bandit","191","721388","0.0-153.0-0.0","47416492","wem/bandit_single","A1689SP9SJBJDA","gain","6","","74","J","1","","0","0","1","0.3364913945","","false","116","0.4374051313","","main_expt","0.3364913945","","0.3815824605","","0.282168926","","","","","","",""
"236","","bandit","192","723389","0.0-154.0-0.0","47416492","wem/bandit_single","A1689SP9SJBJDA","gain","6","","74","J","1","","0","0","1","0.3607093693","","false","117","0.4336999329","","main_expt","0.3607093693","","0.3718524962","","0.3282440564","","","","","","",""
"525","","bandit","193","725676","0.0-155.0-0.0","47416492","wem/bandit_single","A1689SP9SJBJDA","gain","6","","74","J","1","","0","0","1","0.3651530194","","false","118","0.4609057125","","main_expt","0.3651530194","","0.3228128462","","0.3735758205","","","","","","",""
"177","","bandit","194","727621","0.0-156.0-0.0","47416492","wem/bandit_single","A1689SP9SJBJDA","gain","6","","72","H","0","img/none_selected.jpg","1","0","0","0.4644995027","","false","119","0.4644995027","","main_expt","0.391691743","","0.3303119184","","0.4085136599","","","","","","",""
"475","","bandit","195","729863","0.0-157.0-0.0","47416492","wem/bandit_single","A1689SP9SJBJDA","gain","6","","72","H","0","img/none_selected.jpg","1","0","0","0.4699288035","","false","120","0.4699288035","","main_expt","0.3892352466","","0.3566896217","","0.4152109264","","","","","","",""
"398","","bandit","196","732029","0.0-158.0-0.0","47416492","wem/bandit_single","A1689SP9SJBJDA","gain","6","","72","H","0","img/none_selected.jpg","0","0","1","0.48416914","","false","121","0.48416914","","main_expt","0.4119078466","","0.3938610898","","0.4362055741","","","","","","",""
"354","","bandit","197","734145","0.0-159.0-0.0","47416492","wem/bandit_single","A1689SP9SJBJDA","gain","6","","72","H","0","img/none_selected.jpg","1","0","0","0.4744752566","","false","122","0.4744752566","","main_expt","0.3864510994","","0.3846692282","","0.4381361327","","","","","","",""
"527","","bandit","198","736438","0.0-160.0-0.0","47416492","wem/bandit_single","A1689SP9SJBJDA","gain","6","","72","H","0","img/none_selected.jpg","0","0","1","0.4770694964","","false","123","0.4770694964","","main_expt","0.3206095238","","0.3479888462","","0.4266523018","","","","","","",""
"221","","bandit","199","738430","0.0-161.0-0.0","47416492","wem/bandit_single","A1689SP9SJBJDA","gain","6","","74","J","1","","0","0","1","0.3004639257","","false","124","0.4882663864","","main_expt","0.3004639257","","0.3446564944","","0.3976500929","","","","","","",""
"49","","bandit","200","740246","0.0-162.0-0.0","47416492","wem/bandit_single","A1689SP9SJBJDA","gain","6","","74","J","1","","0","0","1","0.2718713493","","false","125","0.4867438878","","main_expt","0.2718713493","","0.3742116014","","0.4004048686","","","","","","",""
"304","","bandit","201","742318","0.0-163.0-0.0","47416492","wem/bandit_single","A1689SP9SJBJDA","gain","6","","75","K","2","","0","0","1","0.3522130289","","false","126","0.4859509926","","main_expt","0.312825386","","0.3522130289","","0.3978852423","","","","","","",""
"368","","bandit","202","744452","0.0-164.0-0.0","47416492","wem/bandit_single","A1689SP9SJBJDA","gain","6","","75","K","2","","0","0","1","0.4136983804","","false","127","0.4910312391","","main_expt","0.2929193121","","0.4136983804","","0.4164913371","","","","","","",""
"97","","bandit","203","746318","0.0-165.0-0.0","47416492","wem/bandit_single","A1689SP9SJBJDA","gain","6","","75","K","2","","0","0","1","0.3740150402","","false","128","0.4916106826","","main_expt","0.3483635392","","0.3740150402","","0.4273270633","","","","","","",""
"497","","bandit","204","748582","0.0-166.0-0.0","47416492","wem/bandit_single","A1689SP9SJBJDA","gain","6","","75","K","2","","1","0","0","0.3561584853","","false","129","0.4774596984","","main_expt","0.3180783589","","0.3561584853","","0.4403517336","","","","","","",""
"399","","bandit","205","750747","0.0-167.0-0.0","47416492","wem/bandit_single","A1689SP9SJBJDA","gain","6","","75","K","2","","0","0","1","0.3781611856","","false","130","0.4792113904","","main_expt","0.332672873","","0.3781611856","","0.436469863","","","","","","",""
"282","","bandit","206","752796","0.0-168.0-0.0","47416492","wem/bandit_single","A1689SP9SJBJDA","gain","6","","75","K","2","","1","0","0","0.3972118802","","false","131","0.4761250173","","main_expt","0.3172252399","","0.3972118802","","0.467157068","","","","","","",""
"138","","bandit","207","754700","0.0-169.0-0.0","47416492","wem/bandit_single","A1689SP9SJBJDA","gain","6","","75","K","2","","0","0","1","0.3951630556","","false","132","0.4782449011","","main_expt","0.2808852702","","0.3951630556","","0.4747764211","","","","","","",""
"263","","bandit","208","756726","0.0-170.0-0.0","47416492","wem/bandit_single","A1689SP9SJBJDA","gain","6","","75","K","2","","0","0","1","0.3918056992","","false","133","0.4789501527","","main_expt","0.2846237695","","0.3918056992","","0.4662147581","","","","","","",""
"485","","bandit","209","758980","0.0-171.0-0.0","47416492","wem/bandit_single","A1689SP9SJBJDA","gain","6","","75","K","2","","1","0","0","0.395342783","","false","134","0.4821877595","","main_expt","0.3115497245","","0.395342783","","0.4711951182","","","","","","",""
"469","","bandit","210","761219","0.0-172.0-0.0","47416492","wem/bandit_single","A1689SP9SJBJDA","gain","6","","76","L","3","","1","0","0","0.4540730246","","false","135","0.4863767518","","main_expt","0.3413582918","","0.3867762939","","0.4540730246","","","","","","",""
"290","","bandit","211","763275","0.0-173.0-0.0","47416492","wem/bandit_single","A1689SP9SJBJDA","gain","6","","76","L","3","","0","0","1","0.4412688847","","false","136","0.4887786445","","main_expt","0.316763081","","0.3929594686","","0.4412688847","","","","","","",""
"247","","bandit","212","765292","0.0-174.0-0.0","47416492","wem/bandit_single","A1689SP9SJBJDA","gain","6","","76","L","3","","1","0","0","0.4585130214","","false","137","0.4896902137","","main_expt","0.2585559296","","0.3067223256","","0.4585130214","","","","","","",""
"95","","bandit","213","767151","0.0-175.0-0.0","47416492","wem/bandit_single","A1689SP9SJBJDA","gain","6","","76","L","3","","0","0","1","0.4413786145","","false","138","0.4754525561","","main_expt","0.2320291273","","0.3444805877","","0.4413786145","","","","","","",""
"93","","bandit","214","769015","0.0-176.0-0.0","47416492","wem/bandit_single","A1689SP9SJBJDA","gain","6","","76","L","3","","1","0","0","0.4235974169","","false","139","0.4525902595","","main_expt","0.2705305451","","0.4025185773","","0.4235974169","","","","","","",""
"407","","bandit","215","771188","0.0-177.0-0.0","47416492","wem/bandit_single","A1689SP9SJBJDA","gain","6","","76","L","3","","0","0","1","0.3993595144","","false","140","0.474141966","","main_expt","0.2115164241","","0.4000290511","","0.3993595144","","","","","","",""
"85","","bandit","216","773043","0.0-178.0-0.0","47416492","wem/bandit_single","A1689SP9SJBJDA","gain","6","","72","H","0","img/none_selected.jpg","1","0","0","0.4642583801","","false","141","0.4642583801","","main_expt","0.2166269704","","0.4052231698","","0.3845482665","","","","","","",""
"170","","bandit","217","774976","0.0-179.0-0.0","47416492","wem/bandit_single","A1689SP9SJBJDA","gain","6","","72","H","0","img/none_selected.jpg","1","0","0","0.4713728632","","false","142","0.4713728632","","main_expt","0.2477117994","","0.3881257509","","0.3636407915","","","","","","",""
"352","","bandit","218","777101","0.0-180.0-0.0","47416492","wem/bandit_single","A1689SP9SJBJDA","gain","6","","76","L","3","","1","0","0","0.3360879677","","false","143","0.4714731714","","main_expt","0.2347168821","","0.4101759482","","0.3360879677","","","","","","",""
"307","","bandit","219","779174","0.0-181.0-0.0","47416492","wem/bandit_single","A1689SP9SJBJDA","gain","6","","72","H","0","img/none_selected.jpg","1","0","0","0.4777196865","","false","144","0.4777196865","","main_expt","0.190213181","","0.4100488723","","0.2886719504","","","","","","",""
"490","","bandit","220","781432","0.0-182.0-0.0","47416492","wem/bandit_single","A1689SP9SJBJDA","gain","6","","72","H","0","img/none_selected.jpg","0","0","1","0.467438704","","false","145","0.467438704","","main_expt","0.2873677543","","0.4294240464","","0.2607344777","","","","","","",""
"300","","bandit","221","783502","0.0-183.0-0.0","47416492","wem/bandit_single","A1689SP9SJBJDA","gain","6","","76","L","3","","0","0","1","0.261523257","","false","146","0.4764572222","","main_expt","0.3434581746","","0.4447984025","","0.261523257","","","","","","",""
"158","","bandit","222","785425","0.0-184.0-0.0","47416492","wem/bandit_single","A1689SP9SJBJDA","gain","6","","72","H","0","img/none_selected.jpg","1","0","0","0.4670163239","","false","147","0.4670163239","","main_expt","0.3677167414","","0.4339083406","","0.2768268543","","","","","","",""
"119","","bandit","223","787317","0.0-185.0-0.0","47416492","wem/bandit_single","A1689SP9SJBJDA","gain","6","","76","L","3","","0","0","1","0.2822793125","","false","148","0.4762727371","","main_expt","0.378672096","","0.4200875786","","0.2822793125","","","","","","",""
"0","","bandit","224","789085","0.0-186.0-0.0","47416492","wem/bandit_single","A1689SP9SJBJDA","gain","6","","75","K","2","","1","0","0","0.4370731276","","false","149","0.4763998188","","main_expt","0.3447579657","","0.4370731276","","0.3100291085","","","","","","",""
"72","","bandit","225","790922","0.0-187.0-0.0","47416492","wem/bandit_single","A1689SP9SJBJDA","gain","6","","72","H","0","img/none_selected.jpg","0","0","1","0.4534074178","","false","150","0.4534074178","","main_expt","0.3225325285","","0.4606741766","","0.3473977335","","","","","","",""
"177","","bandit","226","792867","0.0-188.0-0.0","47416492","wem/bandit_single","A1689SP9SJBJDA","gain","6","","74","J","1","","0","0","1","0.2971371866","","false","151","0.4518750411","","main_expt","0.2971371866","","0.4831185644","","0.3755194153","","","","","","",""
"389","","bandit","227","795026","0.0-189.0-0.0","47416492","wem/bandit_single","A1689SP9SJBJDA","gain","6","","75","K","2","","0","0","1","0.489350082","","false","152","0.4724220712","","main_expt","0.2436525959","","0.489350082","","0.3931135366","","","","","","",""
"153","","bandit","228","796947","0.0-190.0-0.0","47416492","wem/bandit_single","A1689SP9SJBJDA","gain","6","","74","J","1","","0","0","1","0.2745817176","","false","153","0.4655138208","","main_expt","0.2745817176","","0.4874668037","","0.3704791656","","","","","","",""
"76","","bandit","229","798794","0.0-191.0-0.0","47416492","wem/bandit_single","A1689SP9SJBJDA","gain","6","","75","K","2","","0","0","1","0.4906252114","","false","154","0.466892577","","main_expt","0.2354012901","","0.4906252114","","0.3918087328","","","","","","",""
"222","","bandit","230","800781","0.0-192.0-0.0","47416492","wem/bandit_single","A1689SP9SJBJDA","gain","6","","76","L","3","","0","0","1","0.3629162862","","false","155","0.4696525674","","main_expt","0.2125693007","","0.4807331657","","0.3629162862","","","","","","",""
"100","","bandit","231","802648","0.0-193.0-0.0","47416492","wem/bandit_single","A1689SP9SJBJDA","gain","6","","76","L","3","","1","0","0","0.3329402669","","false","156","0.4798639378","","main_expt","0.2344806361","","0.4886913858","","0.3329402669","","","","","","",""
"166","","bandit","232","804575","0.0-194.0-0.0","47416492","wem/bandit_single","A1689SP9SJBJDA","gain","6","","76","L","3","","0","0","1","0.2681960896","","false","157","0.4706110477","","main_expt","0.1314384861","","0.4791259403","","0.2681960896","","","","","","",""
"369","","bandit","233","806712","0.0-195.0-0.0","47416492","wem/bandit_single","A1689SP9SJBJDA","gain","6","","76","L","3","","0","0","1","0.2540197996","","false","158","0.4469873257","","main_expt","0.181857365","","0.4733263956","","0.2540197996","","","","","","",""
"73","","bandit","234","808551","0.0-196.0-0.0","47416492","wem/bandit_single","A1689SP9SJBJDA","gain","6","","72","H","0","img/none_selected.jpg","0","0","1","0.4239904196","","false","159","0.4239904196","","main_expt","0.158015958","","0.4815819336","","0.2609952623","","","","","","",""
"52","","bandit","235","810369","0.0-197.0-0.0","47416492","wem/bandit_single","A1689SP9SJBJDA","gain","6","","76","L","3","","1","0","0","0.2023108268","","false","160","0.4459131135","","main_expt","0.141078422","","0.4721468952","","0.2023108268","","","","","","",""
"194","","bandit","236","812334","0.0-198.0-0.0","47416492","wem/bandit_single","A1689SP9SJBJDA","gain","6","","76","L","3","","0","0","1","0.2500661268","","false","161","0.4186734055","","main_expt","0.1347361735","","0.4711146003","","0.2500661268","","","","","","",""
"116","","bandit","237","814217","0.0-199.0-0.0","47416492","wem/bandit_single","A1689SP9SJBJDA","gain","6","","75","K","2","","0","0","1","0.4712261849","","false","162","0.3857154427","","main_expt","0.09535719087","","0.4712261849","","0.2540596089","","","","","","",""
"278","","bandit","238","816266","0.0-200.0-0.0","47416492","wem/bandit_single","A1689SP9SJBJDA","gain","6","","72","H","0","img/none_selected.jpg","0","0","1","0.4174701589","","false","163","0.4174701589","","main_expt","0.08326456225","","0.4845321786","","0.2601053227","","","","","","",""
"160","","bandit","239","818195","0.0-201.0-0.0","47416492","wem/bandit_single","A1689SP9SJBJDA","gain","6","","76","L","3","","0","0","1","0.2541421927","","false","164","0.3890878976","","main_expt","0.09053498257","","0.4759389929","","0.2541421927","","","","","","",""
"278","","bandit","240","820242","0.0-202.0-0.0","47416492","wem/bandit_single","A1689SP9SJBJDA","gain","6","","76","L","3","","1","0","0","0.2481661974","","false","165","0.4138915172","","main_expt","0.08506048778","","0.4720948066","","0.2481661974","","","","","","",""
"1255","","bandit","241","823269","0.0-203.0-0.0","47416492","wem/bandit_single","A1689SP9SJBJDA","gain","6","","74","J","1","","0","0","1","0.1313511463","","false","166","0.3965001983","","main_expt","0.1313511463","","0.4785392204","","0.2774316831","","","","","","",""
"308","","bandit","242","825345","0.0-204.0-0.0","47416492","wem/bandit_single","A1689SP9SJBJDA","gain","6","","74","J","1","","1","0","0","0.1176964862","","false","167","0.3565429409","","main_expt","0.1176964862","","0.4807372421","","0.2487678046","","","","","","",""
"171","","bandit","243","827280","0.0-205.0-0.0","47416492","wem/bandit_single","A1689SP9SJBJDA","gain","6","","74","J","1","","0","0","1","0.08442850793","","false","168","0.3697134737","","main_expt","0.08442850793","","0.4679921472","","0.3058486258","","","","","","",""
"11","","bandit","244","829058","0.0-206.0-0.0","47416492","wem/bandit_single","A1689SP9SJBJDA","gain","6","","74","J","1","","0","0","1","0.08508452716","","false","169","0.3754926497","","main_expt","0.08508452716","","0.4504326489","","0.3196595105","","","","","","",""
"1513","","bandit","245","832339","0.0-207.0-0.0","47416492","wem/bandit_single","A1689SP9SJBJDA","gain","6","","72","H","0","img/none_selected.jpg","0","0","1","0.3688606114","","false","170","0.3688606114","","main_expt","0.06647736925","","0.4575738232","","0.2675331271","","","","","","",""
"330","","bandit","246","834434","0.0-208.0-0.0","47416492","wem/bandit_single","A1689SP9SJBJDA","gain","6","","72","H","0","img/none_selected.jpg","1","0","0","0.3548436987","","false","171","0.3548436987","","main_expt","0.05048422731","","0.4515033555","","0.2898788388","","","","","","",""
"48","","bandit","247","836245","0.0-209.0-0.0","47416492","wem/bandit_single","A1689SP9SJBJDA","gain","6","","74","J","1","","0","0","1","0.05782489063","","false","172","0.3789739593","","main_expt","0.05782489063","","0.4804896953","","0.3066863737","","","","","","",""
"2029","","bandit","248","840043","0.0-210.0-0.0","47416492","wem/bandit_single","A1689SP9SJBJDA","gain","6","","75","K","2","","0","0","1","0.4915792717","","false","173","0.361488512","","main_expt","0.05297704283","","0.4915792717","","0.2694007619","","","","","","",""
"291","","bandit","249","842106","0.0-211.0-0.0","47416492","wem/bandit_single","A1689SP9SJBJDA","gain","6","","74","J","1","","0","0","1","0.05353397103","","false","174","0.3460135238","","main_expt","0.05353397103","","0.4861742571","","0.2754062015","","","","","","",""
"120","","bandit","250","843994","0.0-212.0-0.0","47416492","wem/bandit_single","A1689SP9SJBJDA","gain","6","","72","H","0","img/none_selected.jpg","1","0","0","0.3522158256","","false","175","0.3522158256","","main_expt","0.03778759003","","0.4817940596","","0.296446081","","","","","","",""
"74","","bandit","251","845829","0.0-213.0-0.0","47416492","wem/bandit_single","A1689SP9SJBJDA","gain","6","","72","H","0","img/none_selected.jpg","0","0","1","0.2998164985","","false","176","0.2998164985","","main_expt","0.02527008277","","0.4757066075","","0.3058710094","","","","","","",""
"294","","bandit","252","847891","0.0-214.0-0.0","47416492","wem/bandit_single","A1689SP9SJBJDA","gain","6","","72","H","0","img/none_selected.jpg","0","0","1","0.2523084086","","false","177","0.2523084086","","main_expt","0.03305249037","","0.4781570811","","0.2349503117","","","","","","",""
"119","","bandit","253","849777","0.0-215.0-0.0","47416492","wem/bandit_single","A1689SP9SJBJDA","gain","6","","72","H","0","img/none_selected.jpg","1","0","0","0.304071788","","false","178","0.304071788","","main_expt","0.03386287722","","0.4800614517","","0.2619038699","","","","","","",""
"84","","bandit","254","851629","0.0-216.0-0.0","47416492","wem/bandit_single","A1689SP9SJBJDA","gain","6","","72","H","0","img/none_selected.jpg","1","0","0","0.2871062198","","false","179","0.2871062198","","main_expt","0.04065763291","","0.4829502963","","0.2830684205","","","","","","",""
"61","","bandit","255","853458","0.0-217.0-0.0","47416492","wem/bandit_single","A1689SP9SJBJDA","gain","6","","72","H","0","img/none_selected.jpg","0","0","1","0.2266659288","","false","180","0.2266659288","","main_expt","0.05743716857","","0.4858173281","","0.3534450431","","","","","","",""
"132","","bandit","256","855362","0.0-218.0-0.0","47416492","wem/bandit_single","A1689SP9SJBJDA","gain","6","","72","H","0","img/none_selected.jpg","1","0","0","0.221928096","","false","181","0.221928096","","main_expt","0.04418568229","","0.4744777914","","0.3212605574","","","","","","",""
"133","","bandit","257","857265","0.0-219.0-0.0","47416492","wem/bandit_single","A1689SP9SJBJDA","gain","6","","72","H","0","img/none_selected.jpg","0","0","1","0.2300829386","","false","182","0.2300829386","","main_expt","0.08176319179","","0.4845259409","","0.3315430587","","","","","","",""
"137","","bandit","258","859170","0.0-220.0-0.0","47416492","wem/bandit_single","A1689SP9SJBJDA","gain","6","","72","H","0","img/none_selected.jpg","0","0","1","0.236046558","","false","183","0.236046558","","main_expt","0.127405614","","0.481953826","","0.3284942609","","","","","","",""
"479","","bandit","259","861415","0.0-221.0-0.0","47416492","wem/bandit_single","A1689SP9SJBJDA","gain","6","","72","H","0","img/none_selected.jpg","0","0","1","0.2923178249","","false","184","0.2923178249","","main_expt","0.08615736955","","0.4855041368","","0.3122619856","","","","","","",""
"210","","bandit","260","863390","0.0-222.0-0.0","47416492","wem/bandit_single","A1689SP9SJBJDA","gain","6","","72","H","0","img/none_selected.jpg","1","0","0","0.2808840613","","false","185","0.2808840613","","main_expt","0.1184297318","","0.4698046591","","0.2923416166","","","","","","",""
"432","","bandit","261","865595","0.0-223.0-0.0","47416492","wem/bandit_single","A1689SP9SJBJDA","gain","6","","72","H","0","img/none_selected.jpg","0","0","1","0.2016881086","","false","186","0.2016881086","","main_expt","0.1909222977","","0.4595088788","","0.2743414945","","","","","","",""
"531","","bandit","262","867891","0.0-224.0-0.0","47416492","wem/bandit_single","A1689SP9SJBJDA","gain","6","","74","J","1","","0","0","1","0.156943311","","false","187","0.2403842116","","main_expt","0.156943311","","0.4646501277","","0.3313242874","","","","","","",""
"70","","bandit","263","869729","0.0-225.0-0.0","47416492","wem/bandit_single","A1689SP9SJBJDA","gain","6","","75","K","2","","1","0","0","0.4587354039","","false","188","0.2559443775","","main_expt","0.139104156","","0.4587354039","","0.3665806697","","","","","","",""
"86","","bandit","264","871580","0.0-226.0-0.0","47416492","wem/bandit_single","A1689SP9SJBJDA","gain","6","","75","K","2","","0","0","1","0.4433819168","","false","189","0.2450962267","","main_expt","0.1984961232","","0.4433819168","","0.3982105691","","","","","","",""
"800","","bandit","265","874143","0.0-227.0-0.0","47416492","wem/bandit_single","A1689SP9SJBJDA","gain","6","","75","K","2","","0","0","1","0.441597313","","false","190","0.2520413598","","main_expt","0.3152507924","","0.441597313","","0.4063069195","","","","","","",""
"392","","bandit","266","876303","0.0-228.0-0.0","47416492","wem/bandit_single","A1689SP9SJBJDA","gain","6","","75","K","2","","1","0","0","0.4447050695","","false","191","0.3069822625","","main_expt","0.34868685","","0.4447050695","","0.4073058099","","","","","","",""
"907","","bandit","267","878977","0.0-229.0-0.0","47416492","wem/bandit_single","A1689SP9SJBJDA","gain","6","","75","K","2","","0","0","1","0.3903647542","","false","192","0.269658105","","main_expt","0.3244392246","","0.3903647542","","0.3597632315","","","","","","",""
"1134","","bandit","268","881879","0.0-230.0-0.0","47416492","wem/bandit_single","A1689SP9SJBJDA","gain","6","","72","H","0","img/none_selected.jpg","0","0","1","0.2337652902","","false","193","0.2337652902","","main_expt","0.3077199203","","0.37796371","","0.3512918873","","","","","","",""
"206","","bandit","269","883858","0.0-231.0-0.0","47416492","wem/bandit_single","A1689SP9SJBJDA","gain","6","","75","K","2","","1","0","0","0.4130200877","","false","194","0.232364398","","main_expt","0.3089314305","","0.4130200877","","0.2959519196","","","","","","",""
"461","","bandit","270","886087","0.0-232.0-0.0","47416492","wem/bandit_single","A1689SP9SJBJDA","gain","6","","75","K","2","","0","0","1","0.4247195967","","false","195","0.3001816851","","main_expt","0.2747286701","","0.4247195967","","0.335494982","","","","","","",""
"242","","bandit","271","888099","0.0-233.0-0.0","47416492","wem/bandit_single","A1689SP9SJBJDA","gain","6","","75","K","2","","0","0","1","0.4243543636","","false","196","0.3408234979","","main_expt","0.234477082","","0.4243543636","","0.349715921","","","","","","",""
"232","","bandit","272","890095","0.0-234.0-0.0","47416492","wem/bandit_single","A1689SP9SJBJDA","gain","6","","75","K","2","","0","0","1","0.3856928417","","false","197","0.3048500693","","main_expt","0.2134381397","","0.3856928417","","0.301359959","","","","","","",""
"273","","bandit","273","892137","0.0-235.0-0.0","47416492","wem/bandit_single","A1689SP9SJBJDA","gain","6","","75","K","2","","0","0","1","0.3619593125","","false","198","0.320222978","","main_expt","0.1732682886","","0.3619593125","","0.2948231879","","","","","","",""
"775","","bandit","274","894678","0.0-236.0-0.0","47416492","wem/bandit_single","A1689SP9SJBJDA","gain","6","","76","L","3","","1","0","0","0.2739130918","","false","199","0.3267381451","","main_expt","0.1702760897","","0.367752629","","0.2739130918","","","","","","",""
"130","","bandit","275","896576","0.0-237.0-0.0","47416492","wem/bandit_single","A1689SP9SJBJDA","gain","6","","75","K","2","","0","0","1","0.3243939248","","false","200","0.3471124056","","main_expt","0.1149890083","","0.3243939248","","0.2519174554","","","","","","",""
"285","","bandit","276","898632","0.0-238.0-0.0","47416492","wem/bandit_single","A1689SP9SJBJDA","gain","6","","76","L","3","","0","0","1","0.2607800984","","false","201","0.377370495","","main_expt","0.1378425817","","0.309205964","","0.2607800984","","","","","","",""
"455","","bandit","277","900860","0.0-239.0-0.0","47416492","wem/bandit_single","A1689SP9SJBJDA","gain","6","","76","L","3","","0","0","1","0.2144757733","","false","202","0.4118986778","","main_expt","0.1351165101","","0.2762714965","","0.2144757733","","","","","","",""
"185","","bandit","278","902816","0.0-240.0-0.0","47416492","wem/bandit_single","A1689SP9SJBJDA","gain","6","","76","L","3","","0","0","1","0.3006883459","","false","203","0.4232074982","","main_expt","0.105254576","","0.296808735","","0.3006883459","","","","","","",""
"4462","","bandit","279","909050","0.0-241.0-0.0","47416492","wem/bandit_single","A1689SP9SJBJDA","gain","6","","76","L","3","","1","0","0","0.3059688055","","false","204","0.422672589","","main_expt","0.09939331469","","0.3198559136","","0.3059688055","","","","","","",""
"116","","bandit","280","910936","0.0-242.0-0.0","47416492","wem/bandit_single","A1689SP9SJBJDA","gain","6","","74","J","1","","0","0","1","0.1099723927","","false","205","0.4290364806","","main_expt","0.1099723927","","0.3814451683","","0.2810212056","","","","","","",""
"527","","bandit","281","913231","0.0-243.0-0.0","47416492","wem/bandit_single","A1689SP9SJBJDA","gain","6","","75","K","2","","0","0","1","0.3836436308","","false","206","0.4412489094","","main_expt","0.1203356594","","0.3836436308","","0.2427537705","","","","","","",""
"93","","bandit","282","915097","0.0-244.0-0.0","47416492","wem/bandit_single","A1689SP9SJBJDA","gain","6","","72","H","0","img/none_selected.jpg","1","0","0","0.461161346","","false","207","0.461161346","","main_expt","0.1887874267","","0.3943212714","","0.2312113295","","","","","","",""
"79","","bandit","283","916944","0.0-245.0-0.0","47416492","wem/bandit_single","A1689SP9SJBJDA","gain","6","","72","H","0","img/none_selected.jpg","1","0","0","0.4749000037","","false","208","0.4749000037","","main_expt","0.1570662604","","0.4100076043","","0.2502246517","","","","","","",""
"570","","bandit","284","919279","0.0-246.0-0.0","47416492","wem/bandit_single","A1689SP9SJBJDA","gain","6","","72","H","0","img/none_selected.jpg","0","0","1","0.4677638209","","false","209","0.4677638209","","main_expt","0.2050570797","","0.4207901851","","0.2378747501","","","","","","",""
"318","","bandit","285","921369","0.0-247.0-0.0","47416492","wem/bandit_single","A1689SP9SJBJDA","gain","6","","72","H","0","img/none_selected.jpg","0","0","1","0.4507398287","","false","210","0.4507398287","","main_expt","0.1803355731","","0.4261573075","","0.2323826376","","","","","","",""
"279","","bandit","286","923415","0.0-248.0-0.0","47416492","wem/bandit_single","A1689SP9SJBJDA","gain","6","","72","H","0","img/none_selected.jpg","1","0","0","0.4275102647","","false","211","0.4275102647","","main_expt","0.2066302241","","0.3677002177","","0.2346446126","","","","","","",""
"1053","","bandit","287","926240","0.0-249.0-0.0","47416492","wem/bandit_single","A1689SP9SJBJDA","gain","6","","72","H","0","img/none_selected.jpg","1","0","0","0.4147803006","","false","212","0.4147803006","","main_expt","0.2190460355","","0.4030871251","","0.2017096022","","","","","","",""
"837","","bandit","288","928845","0.0-250.0-0.0","47416492","wem/bandit_single","A1689SP9SJBJDA","gain","6","","72","H","0","img/none_selected.jpg","1","0","0","0.4119553225","","false","213","0.4119553225","","main_expt","0.2433731683","","0.3616850983","","0.2149770465","","","","","","",""
"268","","bandit","289","930881","0.0-251.0-0.0","47416492","wem/bandit_single","A1689SP9SJBJDA","gain","6","","72","H","0","img/none_selected.jpg","0","0","1","0.4097086646","","false","214","0.4097086646","","main_expt","0.2355486522","","0.3380837625","","0.2323699387","","","","","","",""
"609","","bandit","290","933263","0.0-252.0-0.0","47416492","wem/bandit_single","A1689SP9SJBJDA","gain","6","","72","H","0","img/none_selected.jpg","1","0","0","0.4553079268","","false","215","0.4553079268","","main_expt","0.2493822419","","0.3788103814","","0.1880023584","","","","","","",""
"278","","bandit","291","935312","0.0-253.0-0.0","47416492","wem/bandit_single","A1689SP9SJBJDA","gain","6","","72","H","0","img/none_selected.jpg","0","0","1","0.4360341733","","false","216","0.4360341733","","main_expt","0.2455091026","","0.3844600678","","0.2305078945","","","","","","",""
"428","","bandit","292","937512","0.0-254.0-0.0","47416492","wem/bandit_single","A1689SP9SJBJDA","gain","6","","72","H","0","img/none_selected.jpg","0","0","1","0.4337093526","","false","217","0.4337093526","","main_expt","0.193913996","","0.3747540642","","0.2042922501","","","","","","",""
"749","","bandit","293","940032","0.0-255.0-0.0","47416492","wem/bandit_single","A1689SP9SJBJDA","gain","6","","72","H","0","img/none_selected.jpg","0","0","1","0.4646024675","","false","218","0.4646024675","","main_expt","0.2375794361","","0.373903774","","0.1827914188","","","","","","",""
"1165","","bandit","294","942965","0.0-256.0-0.0","47416492","wem/bandit_single","A1689SP9SJBJDA","gain","6","","72","H","0","img/none_selected.jpg","0","0","1","0.4630893692","","false","219","0.4630893692","","main_expt","0.2477723709","","0.3735380413","","0.2630445196","","","","","","",""
"1200","","bandit","295","945934","0.0-257.0-0.0","47416492","wem/bandit_single","A1689SP9SJBJDA","gain","6","","72","H","0","img/none_selected.jpg","0","0","1","0.4683356487","","false","220","0.4683356487","","main_expt","0.2543503475","","0.383917491","","0.311946342","","","","","","",""
"1800","","bandit","296","949499","0.0-258.0-0.0","47416492","wem/bandit_single","A1689SP9SJBJDA","gain","6","","72","H","0","img/none_selected.jpg","0","0","1","0.4682635517","","false","221","0.4682635517","","main_expt","0.2776519347","","0.3479973737","","0.2972788283","","","","","","",""
"210","","bandit","297","951478","0.0-259.0-0.0","47416492","wem/bandit_single","A1689SP9SJBJDA","gain","6","","72","H","0","img/none_selected.jpg","1","0","0","0.4771668828","","false","222","0.4771668828","","main_expt","0.2291835432","","0.3845595158","","0.3550400804","","","","","","",""
"716","","bandit","298","953963","0.0-260.0-0.0","47416492","wem/bandit_single","A1689SP9SJBJDA","gain","6","","72","H","0","img/none_selected.jpg","1","0","0","0.4773959318","","false","223","0.4773959318","","main_expt","0.2266132179","","0.368723436","","0.3246239653","","","","","","",""
"111","","bandit","299","955832","0.0-261.0-0.0","47416492","wem/bandit_single","A1689SP9SJBJDA","gain","6","","72","H","0","img/none_selected.jpg","1","0","0","0.4567335023","","false","224","0.4567335023","","main_expt","0.2124948974","","0.3566991655","","0.351266899","","","","","","",""
"68","","bandit","300","957672","0.0-262.0-0.0","47416492","wem/bandit_single","A1689SP9SJBJDA","gain","6","","72","H","0","img/none_selected.jpg","0","0","1","0.4545703871","","false","225","0.4545703871","","main_expt","0.2168010387","","0.3557331736","","0.3617362435","","","","","","",""
"391","","bandit","301","959835","0.0-263.0-0.0","47416492","wem/bandit_single","A1689SP9SJBJDA","gain","6","","72","H","0","img/none_selected.jpg","0","0","1","0.4563055184","","false","226","0.4563055184","","main_expt","0.2286352314","","0.3620904828","","0.3625162538","","","","","","",""
"1821","","bandit","302","963419","0.0-264.0-0.0","47416492","wem/bandit_single","A1689SP9SJBJDA","gain","6","","72","H","0","img/none_selected.jpg","1","0","0","0.4414344485","","false","227","0.4414344485","","main_expt","0.2349833204","","0.3794330306","","0.3638477037","","","","","","",""
"217","","bandit","303","965404","0.0-265.0-0.0","47416492","wem/bandit_single","A1689SP9SJBJDA","gain","6","","72","H","0","img/none_selected.jpg","1","0","0","0.4509897562","","false","228","0.4509897562","","main_expt","0.2376541641","","0.3480060926","","0.321865515","","","","","","",""
"25","","bandit","304","967198","0.0-266.0-0.0","47416492","wem/bandit_single","A1689SP9SJBJDA","gain","6","","72","H","0","img/none_selected.jpg","1","0","0","0.4355264455","","false","229","0.4355264455","","main_expt","0.2141250471","","0.3197951212","","0.2574970425","","","","","","",""
"94","","bandit","305","969058","0.0-267.0-0.0","47416492","wem/bandit_single","A1689SP9SJBJDA","gain","6","","72","H","0","img/none_selected.jpg","1","0","0","0.4393215817","","false","230","0.4393215817","","main_expt","0.1986478114","","0.2360623461","","0.3167366343","","","","","","",""
"556","","bandit","306","971379","0.0-268.0-0.0","47416492","wem/bandit_single","A1689SP9SJBJDA","gain","6","","72","H","0","img/none_selected.jpg","0","0","1","0.426442838","","false","231","0.426442838","","main_expt","0.1632677176","","0.228441671","","0.359889087","","","","","","",""
"256","","bandit","307","973408","0.0-269.0-0.0","47416492","wem/bandit_single","A1689SP9SJBJDA","gain","6","","72","H","0","img/none_selected.jpg","0","0","1","0.4455015341","","false","232","0.4455015341","","main_expt","0.1437929512","","0.2233622879","","0.3765691143","","","","","","",""
"294","","bandit","308","975471","0.0-270.0-0.0","47416492","wem/bandit_single","A1689SP9SJBJDA","gain","6","","72","H","0","img/none_selected.jpg","1","0","0","0.4370113712","","false","233","0.4370113712","","main_expt","0.2490618922","","0.1782647691","","0.351320345","","","","","","",""
"160","","bandit","309","977397","0.0-271.0-0.0","47416492","wem/bandit_single","A1689SP9SJBJDA","gain","6","","72","H","0","img/none_selected.jpg","0","0","1","0.4228056097","","false","234","0.4228056097","","main_expt","0.2811602772","","0.1971530904","","0.2997083133","","","","","","",""
"553","","bandit","310","979713","0.0-272.0-0.0","47416492","wem/bandit_single","A1689SP9SJBJDA","gain","6","","72","H","0","img/none_selected.jpg","1","0","0","0.4176536857","","false","235","0.4176536857","","main_expt","0.332316849","","0.2109348075","","0.3526624454","","","","","","",""
"602","","bandit","311","982087","0.0-273.0-0.0","47416492","wem/bandit_single","A1689SP9SJBJDA","gain","6","","72","H","0","img/none_selected.jpg","0","0","1","0.419442654","","false","236","0.419442654","","main_expt","0.3059905229","","0.1891579582","","0.3050627859","","","","","","",""
"85","","bandit","312","983939","0.0-274.0-0.0","47416492","wem/bandit_single","A1689SP9SJBJDA","gain","6","","72","H","0","img/none_selected.jpg","1","0","0","0.4082659589","","false","237","0.4082659589","","main_expt","0.3058344165","","0.1278978542","","0.312969263","","","","","","",""
"131","","bandit","313","985837","0.0-275.0-0.0","47416492","wem/bandit_single","A1689SP9SJBJDA","gain","6","","72","H","0","img/none_selected.jpg","0","0","1","0.4108407801","","false","238","0.4108407801","","main_expt","0.2931512536","","0.1509653188","","0.380225341","","","","","","",""
"149","","bandit","314","987753","0.0-276.0-0.0","47416492","wem/bandit_single","A1689SP9SJBJDA","gain","6","","72","H","0","img/none_selected.jpg","0","0","1","0.4378360478","","false","239","0.4378360478","","main_expt","0.2922133777","","0.1919733462","","0.3657076542","","","","","","",""
"526","","bandit","315","990046","0.0-277.0-0.0","47416492","wem/bandit_single","A1689SP9SJBJDA","gain","6","","72","H","0","img/none_selected.jpg","0","0","1","0.4467030129","","false","240","0.4467030129","","main_expt","0.3452033359","","0.1751407906","","0.3815359164","","","","","","",""
"606","","bandit","316","992420","0.0-278.0-0.0","47416492","wem/bandit_single","A1689SP9SJBJDA","gain","6","","72","H","0","img/none_selected.jpg","0","0","1","0.4705393647","","false","241","0.4705393647","","main_expt","0.3682897549","","0.1759125222","","0.3251101936","","","","","","",""
"1058","","bandit","317","995247","0.0-279.0-0.0","47416492","wem/bandit_single","A1689SP9SJBJDA","gain","6","","72","H","0","img/none_selected.jpg","0","0","1","0.4610792938","","false","242","0.4610792938","","main_expt","0.3628947189","","0.2137068054","","0.3212185421","","","","","","",""
"303","","bandit","318","997319","0.0-280.0-0.0","47416492","wem/bandit_single","A1689SP9SJBJDA","gain","6","","72","H","0","img/none_selected.jpg","0","0","1","0.4437729889","","false","243","0.4437729889","","main_expt","0.3766569032","","0.2179170348","","0.3270030252","","","","","","",""
"5","","bandit","319","999090","0.0-281.0-0.0","47416492","wem/bandit_single","A1689SP9SJBJDA","gain","6","","72","H","0","img/none_selected.jpg","1","0","0","0.4199869792","","false","244","0.4199869792","","main_expt","0.377991886","","0.2426329099","","0.309973419","","","","","","",""
"82","","bandit","320","1000941","0.0-282.0-0.0","47416492","wem/bandit_single","A1689SP9SJBJDA","gain","6","","72","H","0","img/none_selected.jpg","1","0","0","0.4183767379","","false","245","0.4183767379","","main_expt","0.304751896","","0.2351694379","","0.3342881273","","","","","","",""
"92","","bandit","321","1002804","0.0-283.0-0.0","47416492","wem/bandit_single","A1689SP9SJBJDA","gain","6","","72","H","0","img/none_selected.jpg","0","0","1","0.4292136751","","false","246","0.4292136751","","main_expt","0.3348187262","","0.2111663312","","0.3149240913","","","","","","",""
"214","","bandit","322","1004785","0.0-284.0-0.0","47416492","wem/bandit_single","A1689SP9SJBJDA","gain","6","","74","J","1","","0","0","1","0.3307987246","","false","247","0.4577956797","","main_expt","0.3307987246","","0.1899020887","","0.296458043","","","","","","",""
"482","","bandit","323","1007036","0.0-285.0-0.0","47416492","wem/bandit_single","A1689SP9SJBJDA","gain","6","","75","K","2","","0","0","1","0.2151484255","","false","248","0.4586239927","","main_expt","0.3774544282","","0.2151484255","","0.3038576119","","","","","","",""
"246","","bandit","324","1009052","0.0-286.0-0.0","47416492","wem/bandit_single","A1689SP9SJBJDA","gain","6","","76","L","3","","1","0","0","0.3383832125","","false","249","0.4709187109","","main_expt","0.3553688181","","0.2454548658","","0.3383832125","","","","","","",""
"63","","bandit","325","1010885","0.0-287.0-0.0","47416492","wem/bandit_single","A1689SP9SJBJDA","gain","6","","76","L","3","","0","0","1","0.3505221498","","false","250","0.4742496359","","main_expt","0.3209961504","","0.1973527755","","0.3505221498","","","","","","",""
"453","","bandit","326","1013109","0.0-288.0-0.0","47416492","wem/bandit_single","A1689SP9SJBJDA","gain","6","","76","L","3","","0","0","1","0.3439557404","","false","251","0.4684276702","","main_expt","0.2938420796","","0.2459600056","","0.3439557404","","","","","","",""
"942","","bandit","327","1015819","0.0-289.0-0.0","47416492","wem/bandit_single","A1689SP9SJBJDA","gain","6","","76","L","3","","0","0","1","0.3394881367","","false","252","0.465775704","","main_expt","0.2377141092","","0.2361341643","","0.3394881367","","","","","","",""
"271","","bandit","328","1017862","0.0-290.0-0.0","47416492","wem/bandit_single","A1689SP9SJBJDA","gain","6","","76","L","3","","1","0","0","0.3195186677","","false","253","0.4739398589","","main_expt","0.28098189","","0.2263014677","","0.3195186677","","","","","","",""
"268","","bandit","329","1019900","0.0-291.0-0.0","47416492","wem/bandit_single","A1689SP9SJBJDA","gain","6","","76","L","3","","0","0","1","0.3607388593","","false","254","0.4709597483","","main_expt","0.36168886","","0.2384195691","","0.3607388593","","","","","","",""
"158","","bandit","330","1021827","0.0-292.0-0.0","47416492","wem/bandit_single","A1689SP9SJBJDA","gain","6","","76","L","3","","1","0","0","0.3801942793","","false","255","0.468651231","","main_expt","0.3196270919","","0.2186709452","","0.3801942793","","","","","","",""
"417","","bandit","331","1024014","0.0-293.0-0.0","47416492","wem/bandit_single","A1689SP9SJBJDA","gain","6","","76","L","3","","1","0","0","0.2987962353","","false","256","0.4837462493","","main_expt","0.3201998045","","0.1625458568","","0.2987962353","","","","","","",""
"389","","bandit","332","1026174","0.0-294.0-0.0","47416492","wem/bandit_single","A1689SP9SJBJDA","gain","6","","76","L","3","","0","0","1","0.272571782","","false","257","0.4842399178","","main_expt","0.3576002339","","0.159361747","","0.272571782","","","","","","",""
"35","","bandit","333","1027981","0.0-295.0-0.0","47416492","wem/bandit_single","A1689SP9SJBJDA","gain","6","","76","L","3","","0","0","1","0.2593204486","","false","258","0.4878873921","","main_expt","0.3715220428","","0.1556255119","","0.2593204486","","","","","","",""
"390","","bandit","334","1030142","0.0-296.0-0.0","47416492","wem/bandit_single","A1689SP9SJBJDA","gain","6","","76","L","3","","0","0","1","0.2951424317","","false","259","0.4869160663","","main_expt","0.3730860303","","0.1256368346","","0.2951424317","","","","","","",""
"214","","bandit","335","1032125","0.0-297.0-0.0","47416492","wem/bandit_single","A1689SP9SJBJDA","gain","6","","76","L","3","","1","0","0","0.2369093976","","false","260","0.4912834456","","main_expt","0.3724964978","","0.1449854444","","0.2369093976","","","","","","",""
"293","","bandit","336","1034190","0.0-298.0-0.0","47416492","wem/bandit_single","A1689SP9SJBJDA","gain","6","","76","L","3","","0","0","1","0.2234433316","","false","261","0.4907072989","","main_expt","0.3574286068","","0.1647157085","","0.2234433316","","","","","","",""
"290","","bandit","337","1036253","0.0-299.0-0.0","47416492","wem/bandit_single","A1689SP9SJBJDA","gain","6","","76","L","3","","0","0","1","0.215626833","","false","262","0.4904114062","","main_expt","0.4204463107","","0.1586541082","","0.215626833","","","","","","",""
"165","","bandit","338","1038186","0.0-300.0-0.0","47416492","wem/bandit_single","A1689SP9SJBJDA","gain","6","","74","J","1","","0","0","1","0.4244263348","","false","263","0.4900075499","","main_expt","0.4244263348","","0.1683870388","","0.2227197798","","","","","","",""
"95","","bandit","339","1040048","0.0-301.0-0.0","47416492","wem/bandit_single","A1689SP9SJBJDA","gain","6","","72","H","0","img/none_selected.jpg","1","0","0","0.4922230388","","false","264","0.4922230388","","main_expt","0.4217668892","","0.2205087037","","0.2113558788","","","","","","",""
"137","","bandit","340","1041953","0.0-302.0-0.0","47416492","wem/bandit_single","A1689SP9SJBJDA","gain","6","","72","H","0","img/none_selected.jpg","0","0","1","0.4892111554","","false","265","0.4892111554","","main_expt","0.3908218086","","0.1554736059","","0.1814287308","","","","","","",""
"191","","bandit","341","1043915","0.0-303.0-0.0","47416492","wem/bandit_single","A1689SP9SJBJDA","gain","6","","72","H","0","img/none_selected.jpg","1","0","0","0.4894097466","","false","266","0.4894097466","","main_expt","0.350583855","","0.1556775797","","0.2579261203","","","","","","",""
"194","","bandit","342","1045877","0.0-304.0-0.0","47416492","wem/bandit_single","A1689SP9SJBJDA","gain","6","","72","H","0","img/none_selected.jpg","0","0","1","0.4898547377","","false","267","0.4898547377","","main_expt","0.2971845499","","0.1732223335","","0.3033521226","","","","","","",""
"75","","bandit","343","1047725","0.0-305.0-0.0","47416492","wem/bandit_single","A1689SP9SJBJDA","gain","6","","72","H","0","img/none_selected.jpg","0","0","1","0.4960714099","","false","268","0.4960714099","","main_expt","0.3271935382","","0.1670192172","","0.2697057224","","","","","","",""
"103","","bandit","344","1049591","0.0-306.0-0.0","47416492","wem/bandit_single","A1689SP9SJBJDA","gain","6","","76","L","3","","1","0","0","0.3075876552","","false","269","0.4951393121","","main_expt","0.2912245063","","0.1666577124","","0.3075876552","","","","","","",""
"458","","bandit","345","1051821","0.0-307.0-0.0","47416492","wem/bandit_single","A1689SP9SJBJDA","gain","6","","76","L","3","","0","0","1","0.3437361696","","false","270","0.4903783272","","main_expt","0.3007980493","","0.1133531577","","0.3437361696","","","","","","",""
"292","","bandit","346","1053884","0.0-308.0-0.0","47416492","wem/bandit_single","A1689SP9SJBJDA","gain","6","","76","L","3","","0","0","1","0.2596534978","","false","271","0.4932948231","","main_expt","0.3025875308","","0.1453503833","","0.2596534978","","","","","","",""
"162","","bandit","347","1055809","0.0-309.0-0.0","47416492","wem/bandit_single","A1689SP9SJBJDA","gain","6","","76","L","3","","0","0","1","0.2680739133","","false","272","0.4950636705","","main_expt","0.2608882705","","0.1542373291","","0.2680739133","","","","","","",""
"73","","bandit","348","1057648","0.0-310.0-0.0","47416492","wem/bandit_single","A1689SP9SJBJDA","gain","6","","76","L","3","","0","0","1","0.2287209558","","false","273","0.4866982898","","main_expt","0.2985246063","","0.1312836042","","0.2287209558","","","","","","",""
"653","","bandit","349","1060070","0.0-311.0-0.0","47416492","wem/bandit_single","A1689SP9SJBJDA","gain","6","","76","L","3","","0","0","1","0.2659047846","","false","274","0.4654226264","","main_expt","0.296104213","","0.1616535947","","0.2659047846","","","","","","",""
"114","","bandit","350","1061954","0.0-312.0-0.0","47416492","wem/bandit_single","A1689SP9SJBJDA","gain","6","","75","K","2","","0","0","1","0.163822666","","false","275","0.4633702838","","main_expt","0.2897414639","","0.163822666","","0.2303642271","","","","","","",""
"179","","bandit","351","1063900","0.0-313.0-0.0","47416492","wem/bandit_single","A1689SP9SJBJDA","gain","6","","74","J","1","","0","0","1","0.296822441","","false","276","0.4741710053","","main_expt","0.296822441","","0.1500588852","","0.2631654739","","","","","","",""
"377","","bandit","352","1066043","0.0-314.0-0.0","47416492","wem/bandit_single","A1689SP9SJBJDA","gain","6","","75","K","2","","0","0","1","0.1975700973","","false","277","0.4821206929","","main_expt","0.2769528726","","0.1975700973","","0.2660527836","","","","","","",""
"70","","bandit","353","1067880","0.0-315.0-0.0","47416492","wem/bandit_single","A1689SP9SJBJDA","gain","6","","74","J","1","","1","0","0","0.3356585436","","false","278","0.4704549119","","main_expt","0.3356585436","","0.1355298524","","0.2869547209","","","","","","",""
"187","","bandit","354","1069836","0.0-316.0-0.0","47416492","wem/bandit_single","A1689SP9SJBJDA","gain","6","","74","J","1","","1","0","0","0.3222384225","","false","279","0.4749598821","","main_expt","0.3222384225","","0.1437345226","","0.3594721793","","","","","","",""
"88","","bandit","355","1071691","0.0-317.0-0.0","47416492","wem/bandit_single","A1689SP9SJBJDA","gain","6","","74","J","1","","1","0","0","0.27346357","","false","280","0.4385317488","","main_expt","0.27346357","","0.126787642","","0.3903699723","","","","","","",""
"4","","bandit","356","1073466","0.0-318.0-0.0","47416492","wem/bandit_single","A1689SP9SJBJDA","gain","6","","74","J","1","","0","0","1","0.3633072925","","false","281","0.4397970497","","main_expt","0.3633072925","","0.1765789866","","0.4583904318","","","","","","",""
"205","","bandit","357","1075441","0.0-319.0-0.0","47416492","wem/bandit_single","A1689SP9SJBJDA","gain","6","","75","K","2","","0","0","1","0.1659157347","","false","282","0.4485424667","","main_expt","0.3269934488","","0.1659157347","","0.4689346609","","","","","","",""
"130","","bandit","358","1077342","0.0-320.0-0.0","47416492","wem/bandit_single","A1689SP9SJBJDA","gain","6","","74","J","1","","0","0","1","0.324321327","","false","283","0.4460930912","","main_expt","0.324321327","","0.1876778028","","0.460541741","","","","","","",""
"377","","bandit","359","1079493","0.0-321.0-0.0","47416492","wem/bandit_single","A1689SP9SJBJDA","gain","6","","74","J","1","","0","0","1","0.2677217275","","false","284","0.46041158","","main_expt","0.2677217275","","0.2072959333","","0.4485703909","","","","","","",""
"138","","bandit","360","1081402","0.0-322.0-0.0","47416492","wem/bandit_single","A1689SP9SJBJDA","gain","6","","74","J","1","","0","0","1","0.2832280908","","false","285","0.4722631388","","main_expt","0.2832280908","","0.2171876524","","0.4493749552","","","","","","",""
"149","","bandit","361","1083323","0.0-323.0-0.0","47416492","wem/bandit_single","A1689SP9SJBJDA","gain","6","","74","J","1","","0","0","1","0.3338799161","","false","286","0.4710864859","","main_expt","0.3338799161","","0.224404947","","0.4223312446","","","","","","",""
"62","","bandit","362","1085156","0.0-324.0-0.0","47416492","wem/bandit_single","A1689SP9SJBJDA","gain","6","","74","J","1","","1","0","0","0.3484096991","","false","287","0.4400158941","","main_expt","0.3484096991","","0.2249093708","","0.457140216","","","","","","",""
"34","","bandit","363","1086964","0.0-325.0-0.0","47416492","wem/bandit_single","A1689SP9SJBJDA","gain","6","","74","J","1","","0","0","1","0.3215301514","","false","288","0.4036546776","","main_expt","0.3215301514","","0.2219747159","","0.4411377771","","","","","","",""
"0","","bandit","364","1088734","0.0-326.0-0.0","47416492","wem/bandit_single","A1689SP9SJBJDA","gain","6","","72","H","0","img/none_selected.jpg","0","0","1","0.4324218596","","false","289","0.4324218596","","main_expt","0.2965974011","","0.2183007497","","0.4501271696","","","","","","",""
"34","","bandit","365","1090540","0.0-327.0-0.0","47416492","wem/bandit_single","A1689SP9SJBJDA","gain","6","","76","L","3","","0","0","1","0.4436507911","","false","290","0.4536473803","","main_expt","0.2926361454","","0.2481136515","","0.4436507911","","","","","","",""
"332","","bandit","366","1092643","0.0-328.0-0.0","47416492","wem/bandit_single","A1689SP9SJBJDA","gain","6","","75","K","2","","1","0","0","0.2972088317","","false","291","0.4634661847","","main_expt","0.243163711","","0.2972088317","","0.4381939672","","","","","","",""
"140","","bandit","367","1094556","0.0-329.0-0.0","47416492","wem/bandit_single","A1689SP9SJBJDA","gain","6","","75","K","2","","0","0","1","0.2998647236","","false","292","0.4609966616","","main_expt","0.2064952975","","0.2998647236","","0.4101305143","","","","","","",""
"43","","bandit","368","1096370","0.0-330.0-0.0","47416492","wem/bandit_single","A1689SP9SJBJDA","gain","6","","75","K","2","","0","0","1","0.2861810992","","false","293","0.4648618971","","main_expt","0.2099334792","","0.2861810992","","0.4297915702","","","","","","",""
"105","","bandit","369","1098244","0.0-331.0-0.0","47416492","wem/bandit_single","A1689SP9SJBJDA","gain","6","","75","K","2","","0","0","1","0.345484004","","false","294","0.4582487824","","main_expt","0.2507358833","","0.345484004","","0.4537219743","","","","","","",""
"232","","bandit","370","1100245","0.0-332.0-0.0","47416492","wem/bandit_single","A1689SP9SJBJDA","gain","6","","75","K","2","","0","0","1","0.3251772281","","false","295","0.4482247061","","main_expt","0.2494268831","","0.3251772281","","0.4694953972","","","","","","",""
"89","","bandit","371","1102105","0.0-333.0-0.0","47416492","wem/bandit_single","A1689SP9SJBJDA","gain","6","","72","H","0","img/none_selected.jpg","0","0","1","0.42326912","","false","296","0.42326912","","main_expt","0.2867080039","","0.2953905587","","0.4880383038","","","","","","",""
"336","","bandit","372","1104211","0.0-334.0-0.0","47416492","wem/bandit_single","A1689SP9SJBJDA","gain","6","","76","L","3","","1","0","0","0.4916251568","","false","297","0.4151021773","","main_expt","0.2983387387","","0.2717848064","","0.4916251568","","","","","","",""
"134","","bandit","373","1106116","0.0-335.0-0.0","47416492","wem/bandit_single","A1689SP9SJBJDA","gain","6","","76","L","3","","1","0","0","0.4921476303","","false","298","0.4270228344","","main_expt","0.2982690602","","0.2682571213","","0.4921476303","","","","","","",""
"383","","bandit","374","1108267","0.0-336.0-0.0","47416492","wem/bandit_single","A1689SP9SJBJDA","gain","6","","76","L","3","","0","0","1","0.4800884689","","false","299","0.4168509428","","main_expt","0.2955511463","","0.2400439073","","0.4800884689","","","","","","",""
"92","","bandit","375","1110129","0.0-337.0-0.0","47416492","wem/bandit_single","A1689SP9SJBJDA","gain","6","","76","L","3","","0","0","1","0.4882901572","","false","300","0.414464059","","main_expt","0.3236523504","","0.2494994512","","0.4882901572","","","","","","",""
"57","","bandit","376","1111953","0.0-338.0-0.0","47416492","wem/bandit_single","A1689SP9SJBJDA","gain","6","","76","L","3","","0","0","1","0.4849478036","","false","301","0.423631951","","main_expt","0.2926345705","","0.2511279273","","0.4849478036","","","","","","",""
"679","","bandit","377","1114404","0.0-339.0-0.0","47416492","wem/bandit_single","A1689SP9SJBJDA","gain","6","","76","L","3","","0","0","1","0.4799164125","","false","302","0.4456639791","","main_expt","0.3320174044","","0.2183253448","","0.4799164125","","","","","","",""
"107","","bandit","378","1116284","0.0-340.0-0.0","47416492","wem/bandit_single","A1689SP9SJBJDA","gain","6","","76","L","3","","1","0","0","0.4665064116","","false","303","0.458026102","","main_expt","0.2654452188","","0.214624786","","0.4665064116","","","","","","",""
"52","","bandit","379","1118106","0.0-341.0-0.0","47416492","wem/bandit_single","A1689SP9SJBJDA","gain","6","","72","H","0","img/none_selected.jpg","0","0","1","0.4464313123","","false","304","0.4464313123","","main_expt","0.2408747787","","0.2167029293","","0.4640362969","","","","","","",""
"44","","bandit","380","1119923","0.0-342.0-0.0","47416492","wem/bandit_single","A1689SP9SJBJDA","gain","6","","72","H","0","img/none_selected.jpg","1","0","0","0.4233593394","","false","305","0.4233593394","","main_expt","0.196772099","","0.2670270271","","0.4716105758","","","","","","",""
"244","","bandit","381","1121937","0.0-343.0-0.0","47416492","wem/bandit_single","A1689SP9SJBJDA","gain","6","","72","H","0","img/none_selected.jpg","0","0","1","0.438106564","","false","306","0.438106564","","main_expt","0.2163310488","","0.2914941628","","0.4635221673","","","","","","",""
"72","","bandit","382","1123778","0.0-344.0-0.0","47416492","wem/bandit_single","A1689SP9SJBJDA","gain","6","","72","H","0","img/none_selected.jpg","1","0","0","0.4736250784","","false","307","0.4736250784","","main_expt","0.219298856","","0.2610919847","","0.47717975","","","","","","",""
"614","","bandit","383","1126160","0.0-345.0-0.0","47416492","wem/bandit_single","A1689SP9SJBJDA","gain","6","","72","H","0","img/none_selected.jpg","1","0","0","0.471750909","","false","308","0.471750909","","main_expt","0.2121054953","","0.2808146834","","0.4595239298","","","","","","",""
"63","","bandit","384","1127992","0.0-346.0-0.0","47416492","wem/bandit_single","A1689SP9SJBJDA","gain","6","","72","H","0","img/none_selected.jpg","0","0","1","0.469811895","","false","309","0.469811895","","main_expt","0.2325327727","","0.2902235532","","0.473873244","","","","","","",""
"85","","bandit","385","1129850","0.0-347.0-0.0","47416492","wem/bandit_single","A1689SP9SJBJDA","gain","6","","76","L","3","","0","0","1","0.4657706207","","false","310","0.4442553646","","main_expt","0.2777061636","","0.2317090781","","0.4657706207","","","","","","",""
"5","","bandit","386","1131621","0.0-348.0-0.0","47416492","wem/bandit_single","A1689SP9SJBJDA","gain","6","","76","L","3","","0","0","1","0.4517818091","","false","311","0.445399573","","main_expt","0.2669045459","","0.2408412672","","0.4517818091","","","","","","",""
"115","","bandit","387","1133504","0.0-349.0-0.0","47416492","wem/bandit_single","A1689SP9SJBJDA","gain","6","","75","K","2","","0","0","1","0.2353598478","","false","312","0.4507176135","","main_expt","0.1976703186","","0.2353598478","","0.4740030734","","","","","","",""
"358","","bandit","388","1135637","0.0-350.0-0.0","47416492","wem/bandit_single","A1689SP9SJBJDA","gain","6","","75","K","2","","0","0","1","0.2265640239","","false","313","0.4382373921","","main_expt","0.2257814024","","0.2265640239","","0.48068741","","","","","","",""
"161","","bandit","389","1137572","0.0-351.0-0.0","47416492","wem/bandit_single","A1689SP9SJBJDA","gain","6","","76","L","3","","0","0","1","0.47515722","","false","314","0.4455030709","","main_expt","0.2615482494","","0.2275494572","","0.47515722","","","","","","",""
"36","","bandit","390","1139375","0.0-352.0-0.0","47416492","wem/bandit_single","A1689SP9SJBJDA","gain","6","","75","K","2","","0","0","1","0.2067851485","","false","315","0.427570416","","main_expt","0.2347237707","","0.2067851485","","0.4672836952","","","","","","",""
"104","","bandit","391","1141250","0.0-353.0-0.0","47416492","wem/bandit_single","A1689SP9SJBJDA","gain","6","","75","K","2","","0","0","1","0.1769059896","","false","316","0.4637519809","","main_expt","0.273960596","","0.1769059896","","0.460863362","","","","","","",""
"236","","bandit","392","1143259","0.0-354.0-0.0","47416492","wem/bandit_single","A1689SP9SJBJDA","gain","6","","76","L","3","","0","0","1","0.4588667822","","false","317","0.4605119869","","main_expt","0.2825783306","","0.1897694611","","0.4588667822","","","","","","",""
"388","","bandit","393","1145419","0.0-355.0-0.0","47416492","wem/bandit_single","A1689SP9SJBJDA","gain","6","","76","L","3","","1","0","0","0.4597227954","","false","318","0.4580099469","","main_expt","0.2426411315","","0.1855700456","","0.4597227954","","","","","","",""
"692","","bandit","394","1147879","0.0-356.0-0.0","47416492","wem/bandit_single","A1689SP9SJBJDA","gain","6","","76","L","3","","1","0","0","0.4526208852","","false","319","0.4689509598","","main_expt","0.1876693627","","0.1956276061","","0.4526208852","","","","","","",""
"334","","bandit","395","1149987","0.0-357.0-0.0","47416492","wem/bandit_single","A1689SP9SJBJDA","gain","6","","76","L","3","","1","0","0","0.4526003055","","false","320","0.474648099","","main_expt","0.1477754564","","0.1576231613","","0.4526003055","","","","","","",""
"676","","bandit","396","1152430","0.0-358.0-0.0","47416492","wem/bandit_single","A1689SP9SJBJDA","gain","6","","76","L","3","","0","0","1","0.4739232431","","false","321","0.4588056474","","main_expt","0.1851156845","","0.1806316972","","0.4739232431","","","","","","",""
"2234","","bandit","397","1156437","0.0-359.0-0.0","47416492","wem/bandit_single","A1689SP9SJBJDA","gain","6","","76","L","3","","1","0","0","0.4823343703","","false","322","0.4528608479","","main_expt","0.1750014609","","0.1794771929","","0.4823343703","","","","","","",""
"832","","bandit","398","1159043","0.0-360.0-0.0","47416492","wem/bandit_single","A1689SP9SJBJDA","gain","6","","72","H","0","img/none_selected.jpg","1","0","0","0.4143522335","","false","323","0.4143522335","","main_expt","0.1721031683","","0.1567400731","","0.4916089615","","","","","","",""
"58","","bandit","399","1160872","0.0-361.0-0.0","47416492","wem/bandit_single","A1689SP9SJBJDA","gain","6","","72","H","0","img/none_selected.jpg","1","0","0","0.4162030905","","false","324","0.4162030905","","main_expt","0.1362908505","","0.1154519464","","0.4941991034","","","","","","",""
"464","","bandit","400","1163104","0.0-362.0-0.0","47416492","wem/bandit_single","A1689SP9SJBJDA","gain","6","","72","H","0","img/none_selected.jpg","0","0","1","0.4177930978","","false","325","0.4177930978","","main_expt","0.1613209702","","0.1059886529","","0.4932312625","","","","","","",""
"440","","bandit","401","1165314","0.0-363.0-0.0","47416492","wem/bandit_single","A1689SP9SJBJDA","gain","6","","76","L","3","","1","0","0","0.49633684","","false","326","0.4136726437","","main_expt","0.1641264592","","0.1062446307","","0.49633684","","","","","","",""
"51","","bandit","402","1167139","0.0-364.0-0.0","47416492","wem/bandit_single","A1689SP9SJBJDA","gain","6","","76","L","3","","0","0","1","0.4910920479","","false","327","0.4024566393","","main_expt","0.103091764","","0.1154250309","","0.4910920479","","","","","","",""
"12","","bandit","403","1168920","0.0-365.0-0.0","47416492","wem/bandit_single","A1689SP9SJBJDA","gain","6","","76","L","3","","1","0","0","0.4893636712","","false","328","0.3976256057","","main_expt","0.1068056323","","0.1317466991","","0.4893636712","","","","","","",""
"51","","bandit","404","1170744","0.0-366.0-0.0","47416492","wem/bandit_single","A1689SP9SJBJDA","gain","6","","76","L","3","","0","0","1","0.4909379628","","false","329","0.3963903733","","main_expt","0.0948412624","","0.1269104994","","0.4909379628","","","","","","",""
"389","","bandit","405","1172905","0.0-367.0-0.0","47416492","wem/bandit_single","A1689SP9SJBJDA","gain","6","","76","L","3","","1","0","0","0.4841884443","","false","330","0.3371417761","","main_expt","0.107981066","","0.1028201926","","0.4841884443","","","","","","",""
"78","","bandit","406","1174750","0.0-368.0-0.0","47416492","wem/bandit_single","A1689SP9SJBJDA","gain","6","","76","L","3","","1","0","0","0.4875106587","","false","331","0.3906949211","","main_expt","0.1492386278","","0.07372526139","","0.4875106587","","","","","","",""
"92","","bandit","407","1176620","0.0-369.0-0.0","47416492","wem/bandit_single","A1689SP9SJBJDA","gain","6","","76","L","3","","0","0","1","0.4886370904","","false","332","0.3849335511","","main_expt","0.11791053","","0.06722644088","","0.4886370904","","","","","","",""
"202","","bandit","408","1178588","0.0-370.0-0.0","47416492","wem/bandit_single","A1689SP9SJBJDA","gain","6","","72","H","0","img/none_selected.jpg","0","0","1","0.4391484522","","false","333","0.4391484522","","main_expt","0.1209323676","","0.06470339418","","0.4890249217","","","","","","",""
"251","","bandit","409","1180607","0.0-371.0-0.0","47416492","wem/bandit_single","A1689SP9SJBJDA","gain","6","","75","K","2","","0","0","1","0.04248833644","","false","334","0.4454433868","","main_expt","0.1479696298","","0.04248833644","","0.4896773853","","","","","","",""
"67","","bandit","410","1182447","0.0-372.0-0.0","47416492","wem/bandit_single","A1689SP9SJBJDA","gain","6","","74","J","1","","1","0","0","0.1235098998","","false","335","0.4609776294","","main_expt","0.1235098998","","0.03864462186","","0.4892046444","","","","","","",""
"121","","bandit","411","1184336","0.0-373.0-0.0","47416492","wem/bandit_single","A1689SP9SJBJDA","gain","6","","74","J","1","","0","0","1","0.1422734148","","false","336","0.4557358754","","main_expt","0.1422734148","","0.03705727427","","0.4878092244","","","","","","",""
"67","","bandit","412","1186178","0.0-374.0-0.0","47416492","wem/bandit_single","A1689SP9SJBJDA","gain","6","","74","J","1","","0","0","1","0.1457758783","","false","337","0.4754576792","","main_expt","0.1457758783","","0.02084003952","","0.4607964027","","","","","","",""
"85","","bandit","413","1188028","0.0-375.0-0.0","47416492","wem/bandit_single","A1689SP9SJBJDA","gain","6","","74","J","1","","1","0","0","0.1546044374","","false","338","0.4634735758","","main_expt","0.1546044374","","0.04114365242","","0.433372407","","","","","","",""
"90","","bandit","414","1189889","0.0-376.0-0.0","47416492","wem/bandit_single","A1689SP9SJBJDA","gain","6","","74","J","1","","0","0","1","0.161975754","","false","339","0.461680924","","main_expt","0.161975754","","0.04801268977","","0.4431030529","","","","","","",""
"133","","bandit","415","1191792","0.0-377.0-0.0","47416492","wem/bandit_single","A1689SP9SJBJDA","gain","6","","74","J","1","","0","0","1","0.1365850183","","false","340","0.4536333112","","main_expt","0.1365850183","","0.04149395944","","0.4173384676","","","","","","",""
"157","","bandit","416","1193720","0.0-378.0-0.0","47416492","wem/bandit_single","A1689SP9SJBJDA","gain","6","","74","J","1","","0","0","1","0.1814771453","","false","341","0.4644202333","","main_expt","0.1814771453","","0.04803993905","","0.4161370065","","","","","","",""
"77","","bandit","417","1195566","0.0-379.0-0.0","47416492","wem/bandit_single","A1689SP9SJBJDA","gain","6","","74","J","1","","0","0","1","0.1597312303","","false","342","0.4687117952","","main_expt","0.1597312303","","0.04683408947","","0.3688429364","","","","","","",""
"498","","bandit","418","1197840","0.0-380.0-0.0","47416492","wem/bandit_single","A1689SP9SJBJDA","gain","6","","74","J","1","","0","0","1","0.1775729881","","false","343","0.4400011667","","main_expt","0.1775729881","","0.04662868495","","0.3818240485","","","","","","",""
"1749","","bandit","419","1201358","0.0-381.0-0.0","47416492","wem/bandit_single","A1689SP9SJBJDA","gain","6","","75","K","2","","0","0","1","0.04479110546","","false","344","0.4331464536","","main_expt","0.1181761631","","0.04479110546","","0.3663336173","","","","","","",""
"62","","bandit","420","1203190","0.0-382.0-0.0","47416492","wem/bandit_single","A1689SP9SJBJDA","gain","6","","76","L","3","","1","0","0","0.3378643382","","false","345","0.4486132569","","main_expt","0.1183926774","","0.05383227402","","0.3378643382","","","","","","",""
"5","","bandit","421","1204961","0.0-383.0-0.0","47416492","wem/bandit_single","A1689SP9SJBJDA","gain","6","","76","L","3","","0","0","1","0.3790409211","","false","346","0.4044241919","","main_expt","0.1095552258","","0.04973991189","","0.3790409211","","","","","","",""
"39","","bandit","422","1206767","0.0-384.0-0.0","47416492","wem/bandit_single","A1689SP9SJBJDA","gain","6","","76","L","3","","0","0","1","0.3951425082","","false","347","0.4115763149","","main_expt","0.1487384518","","0.08935074841","","0.3951425082","","","","","","",""
"28","","bandit","423","1208569","0.0-385.0-0.0","47416492","wem/bandit_single","A1689SP9SJBJDA","gain","6","","76","L","3","","0","0","1","0.4071060833","","false","348","0.3987365866","","main_expt","0.1271481801","","0.08424795199","","0.4071060833","","","","","","",""
"3","","bandit","424","1210340","0.0-386.0-0.0","47416492","wem/bandit_single","A1689SP9SJBJDA","gain","6","","72","H","0","img/none_selected.jpg","0","0","1","0.4216474182","","false","349","0.4216474182","","main_expt","0.1954145453","","0.06658311693","","0.376398166","","","","","","",""
"98","","bandit","425","1212210","0.0-387.0-0.0","47416492","wem/bandit_single","A1689SP9SJBJDA","gain","6","","72","H","0","img/none_selected.jpg","1","0","0","0.4083105958","","false","350","0.4083105958","","main_expt","0.2177491517","","0.1174321669","","0.3814176543","","","","","","",""
"145","","bandit","426","1214127","0.0-388.0-0.0","47416492","wem/bandit_single","A1689SP9SJBJDA","gain","6","","72","H","0","img/none_selected.jpg","0","0","1","0.3766124508","","false","351","0.3766124508","","main_expt","0.1783796791","","0.1121434631","","0.3792591292","","","","","","",""
"415","","bandit","427","1216312","0.0-389.0-0.0","47416492","wem/bandit_single","A1689SP9SJBJDA","gain","6","","72","H","0","img/none_selected.jpg","1","0","0","0.3882140973","","false","352","0.3882140973","","main_expt","0.1627879654","","0.09298742375","","0.4227940089","","","","","","",""
"614","","bandit","428","1218693","0.0-390.0-0.0","47416492","wem/bandit_single","A1689SP9SJBJDA","gain","6","","72","H","0","img/none_selected.jpg","0","0","1","0.3610103904","","false","353","0.3610103904","","main_expt","0.2115336039","","0.08926939528","","0.4484075071","","","","","","",""
"504","","bandit","429","1220969","0.0-391.0-0.0","47416492","wem/bandit_single","A1689SP9SJBJDA","gain","6","","72","H","0","img/none_selected.jpg","0","0","1","0.2940780203","","false","354","0.2940780203","","main_expt","0.2144482461","","0.1082881778","","0.4350918378","","","","","","",""
"1742","","bandit","430","1224480","0.0-392.0-0.0","47416492","wem/bandit_single","A1689SP9SJBJDA","gain","6","","72","H","0","img/none_selected.jpg","0","0","1","0.2624462378","","false","355","0.2624462378","","main_expt","0.2417214388","","0.05832121658","","0.4110885032","","","","","","",""
"316","","bandit","431","1226568","0.0-393.0-0.0","47416492","wem/bandit_single","A1689SP9SJBJDA","gain","6","","74","J","1","","0","0","1","0.2673736924","","false","356","0.2882545076","","main_expt","0.2673736924","","0.07355350849","","0.4306422783","","","","","","",""
"995","","bandit","432","1229331","0.0-394.0-0.0","47416492","wem/bandit_single","A1689SP9SJBJDA","gain","6","","75","K","2","","0","0","1","0.08769093694","","false","357","0.3624551199","","main_expt","0.257893292","","0.08769093694","","0.4296823422","","","","","","",""
"552","","bandit","433","1231656","0.0-395.0-0.0","47416492","wem/bandit_single","A1689SP9SJBJDA","gain","6","","76","L","3","","0","0","1","0.4098330653","","false","358","0.3630171234","","main_expt","0.2157805974","","0.09058025004","","0.4098330653","","","","","","",""
"507","","bandit","434","1233936","0.0-396.0-0.0","47416492","wem/bandit_single","A1689SP9SJBJDA","gain","6","","75","K","2","","0","0","1","0.1547268201","","false","359","0.3751063626","","main_expt","0.2485557841","","0.1547268201","","0.3864715581","","","","","","",""
"463","","bandit","435","1236169","0.0-397.0-0.0","47416492","wem/bandit_single","A1689SP9SJBJDA","gain","6","","74","J","1","","0","0","1","0.206440202","","false","360","0.3971399633","","main_expt","0.206440202","","0.1464918343","","0.3928231363","","","","","","",""
"32805","{""Q0"":""26"",""Q1"":""Caucasian"",""Q2"":""Male""}","survey-text-sam","436","1269245","0.0-398.0","47416492","wem/bandit_single","A1689SP9SJBJDA","gain","6","","","","","","","","","","","","","","","","","","","","","","26","Caucasian","Male","male","26","Caucasian"
